0 0.5440104166666667 0.6648148148148149 0.11302083333333333 0.21296296296296297
0 0.3651041666666667 0.7662037037037037 0.11067708333333333 0.22824074074074074
0 0.60390625 0.8652777777777778 0.11510416666666666 0.2273148148148148
0 0.696875 0.8689814814814815 0.128125 0.2462962962962963
0 0.44296875 0.8199074074074074 0.10755208333333334 0.2074074074074074
0 0.26666666666666666 0.6833333333333333 0.11588541666666667 0.1925925925925926
0 0.6981770833333333 0.6453703703703704 0.12682291666666667 0.2361111111111111
0 0.28203125 0.8671296296296296 0.1390625 0.24861111111111112
0 0.10859375 0.7356481481481482 0.10572916666666667 0.19074074074074074
0 0.18723958333333332 0.6305555555555555 0.08880208333333334 0.1527777777777778
0 0.38984375 0.41805555555555557 0.09270833333333334 0.14722222222222223
0 0.603125 0.5907407407407408 0.115625 0.2273148148148148
0 0.8135416666666667 0.749537037037037 0.09114583333333333 0.16666666666666666
0 0.96328125 0.5990740740740741 0.071875 0.1486111111111111
0 0.36380208333333336 0.9342592592592592 0.10078125 0.12916666666666668
0 0.5669270833333333 0.4546296296296296 0.09270833333333334 0.14722222222222223
0 0.1875 0.7958333333333333 0.09270833333333334 0.2
0 0.36041666666666666 0.3388888888888889 0.07604166666666666 0.09444444444444444
0 0.3109375 0.5671296296296297 0.1203125 0.2518518518518518
0 0.48203125 0.3925925925925926 0.06380208333333333 0.1175925925925926
0 0.5440104166666667 0.34444444444444444 0.08203125 0.12777777777777777
0 0.7744791666666667 0.600925925925926 0.09348958333333333 0.19444444444444445
0 0.2755208333333333 0.30787037037037035 0.06484375 0.11203703703703703
0 0.4700520833333333 0.9097222222222222 0.11223958333333334 0.17731481481481481
0 0.8026041666666667 0.4050925925925926 0.06770833333333333 0.11342592592592593
0 0.9203125 0.3106481481481482 0.04348958333333333 0.1
0 0.828125 0.4444444444444444 0.05520833333333333 0.11018518518518519
0 0.24947916666666667 0.4935185185185185 0.0546875 0.10787037037037037
0 0.6294270833333333 0.3731481481481482 0.09505208333333333 0.14722222222222223
0 0.19192708333333333 0.47129629629629627 0.08385416666666666 0.15416666666666667
0 0.7919270833333333 0.29074074074074074 0.07604166666666666 0.11064814814814815
0 0.7705729166666667 0.8180555555555555 0.06197916666666667 0.14444444444444443
0 0.775 0.4666666666666667 0.05755208333333333 0.1111111111111111
0 0.37864583333333335 0.5324074074074074 0.10572916666666667 0.2074074074074074
0 0.29765625 0.5111111111111111 0.07239583333333334 0.11712962962962963
0 0.39296875 0.2662037037037037 0.06458333333333334 0.10185185185185185
0 0.32578125 0.2986111111111111 0.0703125 0.09166666666666666
0 0.7885416666666667 0.9009259259259259 0.103125 0.17083333333333334
0 0.7166666666666667 0.38333333333333336 0.09765625 0.15416666666666667
0 0.7221354166666667 0.46620370370370373 0.07265625 0.1162037037037037
0 0.9825520833333333 0.49583333333333335 0.034895833333333334 0.10833333333333334
0 0.6182291666666667 0.29305555555555557 0.06640625 0.08148148148148149
0 0.25703125 0.40925925925925927 0.06588541666666667 0.11898148148148148
0 0.9033854166666667 0.47175925925925927 0.06432291666666666 0.1037037037037037
0 0.8622395833333333 0.3472222222222222 0.06692708333333333 0.09398148148148149
0 0.31744791666666666 0.40555555555555556 0.0796875 0.13657407407407407
0 0.9794270833333333 0.3527777777777778 0.038802083333333334 0.08148148148148149
0 0.5502604166666667 0.2537037037037037 0.05130208333333333 0.07175925925925926
0 0.203125 0.3907407407407407 0.05390625 0.08287037037037037
0 0.9653645833333333 0.42592592592592593 0.06432291666666666 0.11018518518518519
0 0.2604166666666667 0.23842592592592593 0.06380208333333333 0.07407407407407407
0 0.33151041666666664 0.23564814814814813 0.07421875 0.08518518518518518
0 0.8989583333333333 0.5157407407407407 0.10494791666666667 0.2125
0 0.7572916666666667 0.31296296296296294 0.039322916666666666 0.07037037037037037
0 0.59921875 0.24074074074074073 0.07265625 0.08611111111111111
0 0.9541666666666667 0.3384259259259259 0.0375 0.06388888888888888
0 0.46875 0.23842592592592593 0.06875 0.08842592592592592
0 0.9395833333333333 0.3611111111111111 0.04348958333333333 0.07083333333333333
0 0.44140625 0.3055555555555556 0.059375 0.08796296296296297
0 0.9161458333333333 0.39537037037037037 0.04401041666666667 0.075
0 0.8700520833333333 0.425 0.06015625 0.1398148148148148
0 0.7645833333333333 0.24166666666666667 0.041666666666666664 0.049074074074074076
0 0.8994791666666667 0.3527777777777778 0.04375 0.06944444444444445
0 0.8486979166666667 0.29305555555555557 0.05651041666666667 0.06898148148148148
0 0.87890625 0.27037037037037037 0.0484375 0.06666666666666667
0 0.41328125 0.21481481481481482 0.06536458333333334 0.08055555555555556