0 0.46197916666666666 0.6097222222222223 0.15260416666666668 0.22870370370370371
0 0.4856770833333333 0.43148148148148147 0.15625 0.20092592592592592
0 0.4630208333333333 0.22314814814814815 0.16145833333333334 0.2601851851851852
0 0.3768229166666667 0.7449074074074075 0.12135416666666667 0.25092592592592594
0 0.325 0.4935185185185185 0.165625 0.2657407407407407
0 0.3658854166666667 0.33935185185185185 0.15052083333333333 0.2537037037037037
0 0.62421875 0.33796296296296297 0.103125 0.19444444444444445
0 0.5380208333333333 0.2953703703703704 0.13020833333333334 0.19074074074074074
0 0.5682291666666667 0.6277777777777778 0.14479166666666668 0.27037037037037037
0 0.5924479166666666 0.4759259259259259 0.08385416666666666 0.15555555555555556
0 0.4549479166666667 0.9199074074074074 0.0859375 0.16018518518518518
0 0.35130208333333335 0.9398148148148148 0.09322916666666667 0.10185185185185185
0 0.5143229166666666 0.09583333333333334 0.128125 0.15462962962962962
0 0.6778645833333333 0.2912037037037037 0.084375 0.18333333333333332
0 0.2721354166666667 0.725462962962963 0.1265625 0.2759259259259259
0 0.28177083333333336 0.8935185185185185 0.10625 0.1824074074074074
0 0.63828125 0.4949074074074074 0.07760416666666667 0.1685185185185185
0 0.6838541666666667 0.4476851851851852 0.0625 0.1527777777777778
0 0.64140625 0.0412037037037037 0.06614583333333333 0.06296296296296296
0 0.64453125 0.1875 0.06875 0.1259259259259259
0 0.6427083333333333 0.6208333333333333 0.07135416666666666 0.1398148148148148
0 0.5692708333333333 0.14351851851851852 0.078125 0.12407407407407407
0 0.68671875 0.6175925925925926 0.0671875 0.15833333333333333
0 0.6997395833333333 0.7592592592592593 0.103125 0.09907407407407408
0 0.42994791666666665 0.8273148148148148 0.07291666666666667 0.17314814814814813
0 0.5971354166666667 0.9138888888888889 0.06979166666666667 0.11851851851851852
0 0.39817708333333335 0.9361111111111111 0.06614583333333333 0.11574074074074074
0 0.5947916666666667 0.9833333333333333 0.059375 0.03333333333333333
0 0.7205729166666667 0.6986111111111111 0.06614583333333333 0.1037037037037037
0 0.7200520833333334 0.33935185185185185 0.04114583333333333 0.10185185185185185
0 0.7119791666666667 0.5967592592592592 0.03802083333333333 0.09074074074074075
0 0.72109375 0.4550925925925926 0.04791666666666667 0.10555555555555556