0 0.4125 0.5949074074074074 0.13072916666666667 0.2222222222222222
0 0.33697916666666666 0.28935185185185186 0.1390625 0.21944444444444444
0 0.3065104166666667 0.7217592592592592 0.13958333333333334 0.22777777777777777
0 0.3140625 0.8800925925925925 0.15104166666666666 0.23981481481481481
0 0.3151041666666667 0.4324074074074074 0.12708333333333333 0.2111111111111111
0 0.3734375 0.11527777777777778 0.11875 0.2074074074074074
0 0.4393229166666667 0.8657407407407407 0.1453125 0.2490740740740741
0 0.271875 0.1587962962962963 0.15260416666666668 0.2611111111111111
0 0.534375 0.2967592592592593 0.0921875 0.17962962962962964
0 0.45989583333333334 0.6916666666666667 0.13958333333333334 0.22777777777777777
0 0.24270833333333333 0.30462962962962964 0.08333333333333333 0.1925925925925926
0 0.5322916666666667 0.6134259259259259 0.0921875 0.17962962962962964
0 0.5755208333333334 0.23657407407407408 0.0609375 0.14444444444444443
0 0.4427083333333333 0.1726851851851852 0.15364583333333334 0.2388888888888889
0 0.5583333333333333 0.45694444444444443 0.07239583333333334 0.125
0 0.5916666666666667 0.5615740740740741 0.08020833333333334 0.15925925925925927
0 0.46979166666666666 0.9513888888888888 0.11458333333333333 0.09722222222222222
0 0.5841145833333333 0.08287037037037037 0.06927083333333334 0.1259259259259259
0 0.2677083333333333 0.4898148148148148 0.11145833333333334 0.2175925925925926
0 0.47734375 0.05648148148148148 0.065625 0.10833333333333334
0 0.584375 0.7157407407407408 0.0921875 0.18333333333333332
0 0.6450520833333333 0.950925925925926 0.06510416666666667 0.06018518518518518
0 0.3489583333333333 0.9745370370370371 0.08541666666666667 0.05092592592592592
0 0.54609375 0.9629629629629629 0.065625 0.07314814814814814
0 0.46927083333333336 0.28888888888888886 0.12708333333333333 0.20833333333333334
0 0.47265625 0.14351851851851852 0.07291666666666667 0.1398148148148148
0 0.61953125 0.2861111111111111 0.06354166666666666 0.125
0 0.59453125 0.17083333333333334 0.058854166666666666 0.13425925925925927
0 0.3026041666666667 0.975925925925926 0.1 0.04814814814814815
0 0.5880208333333333 0.8708333333333333 0.09635416666666667 0.18888888888888888
0 0.5421875 0.8893518518518518 0.07291666666666667 0.14074074074074075
0 0.628125 0.6875 0.05260416666666667 0.1259259259259259
0 0.525 0.0625 0.07291666666666667 0.125
0 0.5338541666666666 0.1675925925925926 0.08489583333333334 0.15555555555555556
0 0.64296875 0.562962962962963 0.04583333333333333 0.09814814814814815
0 0.5322916666666667 0.00787037037037037 0.04791666666666667 0.01574074074074074
0 0.6213541666666667 0.05462962962962963 0.04791666666666667 0.10925925925925926
0 0.6302083333333334 0.17453703703703705 0.05520833333333333 0.1398148148148148
0 0.6315104166666666 0.9351851851851852 0.04375 0.07777777777777778
0 0.65546875 0.6481481481481481 0.05572916666666667 0.13796296296296295
0 0.64296875 0.41759259259259257 0.05677083333333333 0.13055555555555556
0 0.6026041666666667 0.37592592592592594 0.05520833333333333 0.11388888888888889
0 0.6716145833333333 0.937037037037037 0.03125 0.0712962962962963
0 0.6505208333333333 0.31666666666666665 0.052083333333333336 0.12407407407407407