0 0.5716145833333334 0.825462962962963 0.08958333333333333 0.22685185185185186
0 0.11979166666666667 0.8726851851851852 0.15520833333333334 0.25462962962962965
0 0.14375 0.6916666666666667 0.0765625 0.12129629629629629
0 0.26614583333333336 0.5078703703703704 0.08541666666666667 0.1361111111111111
0 0.41302083333333334 0.675 0.12239583333333333 0.25833333333333336
0 0.5166666666666667 0.7439814814814815 0.10364583333333334 0.21574074074074073
0 0.6802083333333333 0.8458333333333333 0.128125 0.22777777777777777
0 0.73203125 0.700925925925926 0.08333333333333333 0.15925925925925927
0 0.7630208333333334 0.9078703703703703 0.0890625 0.1712962962962963
0 0.8453125 0.8027777777777778 0.08072916666666667 0.16203703703703703
0 0.80390625 0.6648148148148149 0.07239583333333334 0.17777777777777778
0 0.6333333333333333 0.6699074074074074 0.10520833333333333 0.13425925925925927
0 0.5278645833333333 0.6032407407407407 0.11041666666666666 0.19814814814814816
0 0.15546875 0.5833333333333334 0.09375 0.2222222222222222
0 0.5138020833333333 0.4787037037037037 0.08020833333333334 0.10462962962962963
0 0.4361979166666667 0.5236111111111111 0.06302083333333333 0.06666666666666667
0 0.5661458333333333 0.4064814814814815 0.07239583333333334 0.10925925925925926
0 0.478125 0.40925925925925927 0.07760416666666667 0.10092592592592593
0 0.31145833333333334 0.46111111111111114 0.09010416666666667 0.1398148148148148
0 0.7244791666666667 0.5777777777777777 0.06041666666666667 0.10740740740740741
0 0.65390625 0.5050925925925925 0.09270833333333334 0.20277777777777778
0 0.7247395833333333 0.4722222222222222 0.059375 0.12129629629629629
0 0.40286458333333336 0.42407407407407405 0.06458333333333334 0.11944444444444445
0 0.4356770833333333 0.3337962962962963 0.07239583333333334 0.07777777777777778
0 0.5 0.34814814814814815 0.053125 0.09259259259259259
0 0.07057291666666667 0.5527777777777778 0.07135416666666666 0.13518518518518519
0 0.03619791666666667 0.8425925925925926 0.06770833333333333 0.20462962962962963
0 0.11848958333333333 0.43333333333333335 0.06666666666666667 0.09074074074074075
0 0.7880208333333333 0.5115740740740741 0.06041666666666667 0.1037037037037037
0 0.8302083333333333 0.4842592592592593 0.0421875 0.07685185185185185
0 0.7791666666666667 0.4152777777777778 0.050520833333333334 0.0962962962962963
0 0.703125 0.3875 0.050520833333333334 0.07314814814814814
0 0.0515625 0.34305555555555556 0.06197916666666667 0.08148148148148149
0 0.184375 0.4773148148148148 0.053125 0.1037037037037037
0 0.04895833333333333 0.6805555555555556 0.09427083333333333 0.15092592592592594
0 0.24869791666666666 0.38981481481481484 0.052083333333333336 0.10740740740740741
0 0.2328125 0.25 0.050520833333333334 0.08796296296296297
0 0.25546875 0.3023148148148148 0.05520833333333333 0.08425925925925926
0 0.2984375 0.2791666666666667 0.04635416666666667 0.0712962962962963
0 0.8481770833333333 0.5972222222222222 0.0859375 0.1574074074074074
0 0.6825520833333333 0.3282407407407407 0.041666666666666664 0.08611111111111111
0 0.63828125 0.350462962962963 0.06197916666666667 0.10740740740740741
0 0.5541666666666667 0.2796296296296296 0.050520833333333334 0.08148148148148149
0 0.60859375 0.2726851851851852 0.052083333333333336 0.08333333333333333
0 0.571875 0.33194444444444443 0.05677083333333333 0.06944444444444445
0 0.66484375 0.2712962962962963 0.04479166666666667 0.06944444444444445
0 0.8916666666666667 0.5666666666666667 0.06614583333333333 0.14629629629629629
0 0.925 0.5171296296296296 0.04895833333333333 0.12777777777777777
0 0.87109375 0.44305555555555554 0.059895833333333336 0.09166666666666666
0 0.7513020833333334 0.3300925925925926 0.06041666666666667 0.08333333333333333
0 0.71875 0.28703703703703703 0.043229166666666666 0.0712962962962963
0 0.5286458333333334 0.24675925925925926 0.05625 0.08703703703703704
0 0.4796875 0.26481481481481484 0.053125 0.08333333333333333
0 0.39140625 0.29814814814814816 0.035416666666666666 0.10833333333333334
0 0.43359375 0.2726851851851852 0.05625 0.08333333333333333
0 0.3567708333333333 0.34953703703703703 0.0375 0.10833333333333334
0 0.31614583333333335 0.3597222222222222 0.06458333333333334 0.0962962962962963
0 0.8841145833333334 0.37222222222222223 0.04583333333333333 0.09537037037037037
0 0.9192708333333334 0.4527777777777778 0.03697916666666667 0.06944444444444445
0 0.7455729166666667 0.21574074074074073 0.0453125 0.12037037037037036
0 0.69140625 0.21481481481481482 0.04583333333333333 0.10648148148148148