0 0.5658854166666667 0.5537037037037037 0.13125 0.275
0 0.4635416666666667 0.5337962962962963 0.115625 0.28055555555555556
0 0.35 0.5990740740740741 0.14895833333333333 0.29074074074074074
0 0.19036458333333334 0.5958333333333333 0.1109375 0.23425925925925925
0 0.6518229166666667 0.6875 0.14322916666666666 0.22037037037037038
0 0.8276041666666667 0.5064814814814815 0.1296875 0.20185185185185187
0 0.5177083333333333 0.8097222222222222 0.15208333333333332 0.29814814814814816
0 0.4265625 0.7560185185185185 0.1453125 0.2712962962962963
0 0.39453125 0.300462962962963 0.1109375 0.18611111111111112
0 0.10520833333333333 0.7972222222222223 0.14479166666666668 0.2518518518518518
0 0.38125 0.45787037037037037 0.109375 0.23425925925925925
0 0.5630208333333333 0.3638888888888889 0.1546875 0.262037037037037
0 0.08567708333333333 0.449537037037037 0.09270833333333334 0.18518518518518517
0 0.18151041666666667 0.4486111111111111 0.09114583333333333 0.15833333333333333
0 0.04479166666666667 0.5569444444444445 0.08958333333333333 0.18611111111111112
0 0.865625 0.649074074074074 0.11302083333333333 0.18333333333333332
0 0.19817708333333334 0.7986111111111112 0.09947916666666666 0.2638888888888889
0 0.4752604166666667 0.3398148148148148 0.08854166666666667 0.15185185185185185
0 0.7447916666666666 0.5277777777777778 0.1015625 0.15648148148148147
0 0.7877604166666666 0.7050925925925926 0.10625 0.17314814814814813
0 0.27265625 0.524074074074074 0.0890625 0.22962962962962963
0 0.10182291666666667 0.6203703703703703 0.10416666666666667 0.17314814814814813
0 0.36171875 0.21203703703703702 0.10416666666666667 0.1527777777777778
0 0.6536458333333334 0.874537037037037 0.15677083333333333 0.22870370370370371
0 0.9174479166666667 0.5078703703703704 0.08854166666666667 0.17777777777777778
0 0.7471354166666667 0.837037037037037 0.10572916666666667 0.19166666666666668
0 0.48020833333333335 0.2564814814814815 0.09583333333333334 0.14074074074074075
0 0.9078125 0.25416666666666665 0.07083333333333333 0.11296296296296296
0 0.4484375 0.18194444444444444 0.08645833333333333 0.11388888888888889
0 0.20989583333333334 0.3087962962962963 0.06979166666666667 0.12222222222222222
0 0.14479166666666668 0.9384259259259259 0.14479166666666668 0.12314814814814815
0 0.30807291666666664 0.2828703703703704 0.071875 0.12407407407407407
0 0.55 0.23333333333333334 0.0796875 0.12962962962962962
0 0.8278645833333333 0.2337962962962963 0.08697916666666666 0.1175925925925926
0 0.8635416666666667 0.1875 0.06145833333333333 0.08148148148148149
0 0.29244791666666664 0.4212962962962963 0.07135416666666666 0.14166666666666666
0 0.15104166666666666 0.2814814814814815 0.08958333333333333 0.10092592592592593
0 0.54296875 0.15648148148148147 0.09010416666666667 0.12222222222222222
0 0.04765625 0.8439814814814814 0.07760416666666667 0.22685185185185186
0 0.6203125 0.1162037037037037 0.057291666666666664 0.18425925925925926
0 0.044270833333333336 0.6662037037037037 0.08333333333333333 0.15648148148148147
0 0.6911458333333333 0.5837962962962963 0.0984375 0.13240740740740742
0 0.8434895833333333 0.31203703703703706 0.0953125 0.1425925925925926
0 0.7192708333333333 0.27824074074074073 0.0671875 0.1259259259259259
0 0.7734375 0.6240740740740741 0.10104166666666667 0.12407407407407407
0 0.7828125 0.26990740740740743 0.06875 0.1111111111111111
0 0.9 0.15416666666666667 0.046875 0.06296296296296296
0 0.04401041666666667 0.39861111111111114 0.0734375 0.12777777777777777
0 0.05260416666666667 0.3333333333333333 0.10520833333333333 0.12777777777777777
0 0.5841145833333333 0.08657407407407407 0.059375 0.11944444444444445
0 0.38333333333333336 0.1310185185185185 0.0578125 0.075
0 0.528125 0.11388888888888889 0.052083333333333336 0.06851851851851852
0 0.44817708333333334 0.11527777777777778 0.06041666666666667 0.08611111111111111
0 0.07317708333333334 0.9842592592592593 0.07864583333333333 0.03148148148148148