0 0.5177083333333333 0.6421296296296296 0.103125 0.17962962962962964
0 0.5041666666666667 0.2625 0.09635416666666667 0.1935185185185185
0 0.6229166666666667 0.48009259259259257 0.134375 0.2222222222222222
0 0.62421875 0.3296296296296296 0.09635416666666667 0.1537037037037037
0 0.47734375 0.10046296296296296 0.11614583333333334 0.20092592592592592
0 0.6205729166666667 0.17731481481481481 0.12083333333333333 0.22037037037037038
0 0.6971354166666667 0.274537037037037 0.1140625 0.19814814814814816
0 0.57734375 0.07083333333333333 0.11197916666666667 0.14166666666666666
0 0.45078125 0.02962962962962963 0.08697916666666666 0.05925925925925926
0 0.5369791666666667 0.015277777777777777 0.103125 0.030555555555555555
0 0.5528645833333333 0.37546296296296294 0.09166666666666666 0.18703703703703703
0 0.678125 0.8412037037037037 0.15885416666666666 0.24814814814814815
0 0.7268229166666667 0.44074074074074077 0.1296875 0.27314814814814814
0 0.6989583333333333 0.7018518518518518 0.19114583333333332 0.3611111111111111
0 0.5151041666666667 0.8152777777777778 0.12291666666666666 0.18796296296296297
0 0.3541666666666667 0.34120370370370373 0.07447916666666667 0.12685185185185185
0 0.43463541666666666 0.7967592592592593 0.07083333333333333 0.1287037037037037
0 0.5674479166666667 0.20833333333333334 0.090625 0.20277777777777778
0 0.35260416666666666 0.2037037037037037 0.08333333333333333 0.14537037037037037
0 0.38671875 0.5194444444444445 0.09322916666666667 0.14074074074074075
0 0.40911458333333334 0.9004629629629629 0.096875 0.18055555555555555
0 0.58203125 0.912962962962963 0.1734375 0.17407407407407408
0 0.5026041666666666 0.9143518518518519 0.13541666666666666 0.1712962962962963
0 0.43984375 0.5689814814814815 0.146875 0.20925925925925926
0 0.3567708333333333 0.6324074074074074 0.09166666666666666 0.1638888888888889
0 0.38333333333333336 0.7680555555555556 0.0875 0.1925925925925926
0 0.29791666666666666 0.287962962962963 0.06458333333333334 0.13518518518518519
0 0.32786458333333335 0.1300925925925926 0.07916666666666666 0.15092592592592594
0 0.440625 0.7393518518518518 0.1234375 0.24166666666666667
0 0.359375 0.9208333333333333 0.08020833333333334 0.15833333333333333
0 0.33984375 0.7962962962962963 0.07604166666666666 0.17037037037037037
0 0.4119791666666667 0.975462962962963 0.071875 0.049074074074074076
0 0.6817708333333333 0.13703703703703704 0.11041666666666666 0.17685185185185184
0 0.3140625 0.6143518518518518 0.0796875 0.16111111111111112
0 0.27890625 0.48518518518518516 0.13229166666666667 0.21203703703703702
0 0.25755208333333335 0.2810185185185185 0.049479166666666664 0.09537037037037037
0 0.28567708333333336 0.37083333333333335 0.06979166666666667 0.15833333333333333
0 0.31302083333333336 0.749537037037037 0.06354166666666666 0.13148148148148148
0 0.29453125 0.7731481481481481 0.051041666666666666 0.10925925925925926
0 0.24765625 0.4046296296296296 0.058333333333333334 0.1037037037037037
0 0.3143229166666667 0.8837962962962963 0.05 0.11018518518518519
0 0.25364583333333335 0.5263888888888889 0.06875 0.12314814814814815
0 0.4473958333333333 0.9439814814814815 0.071875 0.11203703703703703
0 0.30963541666666666 0.21898148148148147 0.09375 0.21574074074074073