0 0.3497395833333333 0.6064814814814815 0.090625 0.17407407407407408
0 0.17239583333333333 0.6171296296296296 0.1078125 0.17592592592592593
0 0.25885416666666666 0.6314814814814815 0.1078125 0.1925925925925926
0 0.10677083333333333 0.6050925925925926 0.078125 0.15555555555555556
0 0.6223958333333334 0.6208333333333333 0.12291666666666666 0.2490740740740741
0 0.315625 0.524074074074074 0.10625 0.1814814814814815
0 0.04140625 0.337037037037037 0.07135416666666666 0.14722222222222223
0 0.5822916666666667 0.40046296296296297 0.0953125 0.15555555555555556
0 0.17135416666666667 0.4671296296296296 0.08541666666666667 0.14907407407407408
0 0.020052083333333335 0.6171296296296296 0.04010416666666667 0.14166666666666666
0 0.5932291666666667 0.8032407407407407 0.09791666666666667 0.17592592592592593
0 0.42890625 0.4023148148148148 0.10208333333333333 0.17037037037037037
0 0.23489583333333333 0.4962962962962963 0.11614583333333334 0.17962962962962964
0 0.046875 0.4912037037037037 0.08958333333333333 0.17037037037037037
0 0.7869791666666667 0.9013888888888889 0.10208333333333333 0.19722222222222222
0 0.7205729166666667 0.8606481481481482 0.13072916666666667 0.2212962962962963
0 0.365625 0.2865740740740741 0.07864583333333333 0.11574074074074074
0 0.2791666666666667 0.30277777777777776 0.0921875 0.18333333333333332
0 0.6747395833333333 0.7462962962962963 0.08697916666666666 0.18611111111111112
0 0.039322916666666666 0.6402777777777777 0.05572916666666667 0.11296296296296296
0 0.06796875 0.6523148148148148 0.0796875 0.16111111111111112
0 0.7330729166666666 0.4689814814814815 0.1015625 0.1814814814814815
0 0.3580729166666667 0.39490740740740743 0.1046875 0.18981481481481483
0 0.7729166666666667 0.7226851851851852 0.14322916666666666 0.21851851851851853
0 0.45078125 0.3143518518518518 0.09479166666666666 0.15185185185185185
0 0.6580729166666667 0.41712962962962963 0.09270833333333334 0.18981481481481483
0 0.3375 0.21666666666666667 0.0765625 0.12777777777777777
0 0.6153645833333333 0.9365740740740741 0.08802083333333334 0.12685185185185185
0 0.6848958333333334 0.950925925925926 0.10625 0.09814814814814815
0 0.9692708333333333 0.6018518518518519 0.058854166666666666 0.11574074074074074
0 0.21901041666666668 0.1259259259259259 0.05572916666666667 0.10833333333333334
0 0.93515625 0.6736111111111112 0.09010416666666667 0.15185185185185185
0 0.8830729166666667 0.7949074074074074 0.11041666666666666 0.20925925925925926
0 0.9520833333333333 0.7837962962962963 0.06614583333333333 0.16944444444444445
0 0.80546875 0.6037037037037037 0.121875 0.19814814814814816
0 0.9260416666666667 0.5689814814814815 0.06354166666666666 0.11944444444444445
0 0.14453125 0.10972222222222222 0.06041666666666667 0.09166666666666666
0 0.83671875 0.5097222222222222 0.084375 0.11944444444444445
0 0.7333333333333333 0.6319444444444444 0.10885416666666667 0.21203703703703702
0 0.7416666666666667 0.36157407407407405 0.07447916666666667 0.11944444444444445
0 0.19869791666666667 0.3023148148148148 0.115625 0.2740740740740741
0 0.15260416666666668 0.18194444444444444 0.0765625 0.12037037037037036
0 0.9752604166666666 0.5208333333333334 0.049479166666666664 0.12314814814814815
0 0.11145833333333334 0.2953703703703704 0.11979166666666667 0.24537037037037038
0 0.2 0.15925925925925927 0.05260416666666667 0.08055555555555556
0 0.27057291666666666 0.15462962962962962 0.07239583333333334 0.11203703703703703
0 0.9111979166666667 0.8935185185185185 0.11614583333333334 0.21296296296296297
0 0.26640625 0.21064814814814814 0.08697916666666666 0.14814814814814814
0 0.5768229166666666 0.31527777777777777 0.075 0.11481481481481481
0 0.8734375 0.6449074074074074 0.096875 0.25
0 0.40286458333333336 0.25555555555555554 0.07135416666666666 0.11666666666666667
0 0.3138020833333333 0.1175925925925926 0.07239583333333334 0.1398148148148148
0 0.17734375 0.11851851851851852 0.05416666666666667 0.08796296296296297
0 0.09921875 0.17546296296296296 0.07916666666666666 0.13148148148148148
0 0.5265625 0.387037037037037 0.096875 0.19814814814814816
0 0.9541666666666667 0.5504629629629629 0.065625 0.1175925925925926
0 0.4239583333333333 0.14305555555555555 0.071875 0.12222222222222222
0 0.0578125 0.1361111111111111 0.052083333333333336 0.1037037037037037
0 0.8408854166666667 0.40555555555555556 0.06927083333333334 0.11574074074074074
0 0.19296875 0.08055555555555556 0.04739583333333333 0.075
0 0.64375 0.3375 0.08333333333333333 0.14351851851851852
0 0.97421875 0.449537037037037 0.0515625 0.10648148148148148
0 0.7802083333333333 0.33240740740740743 0.06666666666666667 0.1175925925925926
0 0.6518229166666667 0.21157407407407408 0.059375 0.08425925925925926
0 0.9291666666666667 0.5009259259259259 0.078125 0.12777777777777777
0 0.8901041666666667 0.40694444444444444 0.07552083333333333 0.14074074074074075
0 0.7515625 0.25787037037037036 0.05677083333333333 0.09074074074074075
0 0.45703125 0.19768518518518519 0.06510416666666667 0.09907407407407408
0 0.3736979166666667 0.13518518518518519 0.057291666666666664 0.10555555555555556
0 0.23489583333333333 0.09027777777777778 0.049479166666666664 0.09444444444444444
0 0.5911458333333334 0.2337962962962963 0.0796875 0.15462962962962962
0 0.2721354166666667 0.10740740740740741 0.046875 0.07314814814814814
0 0.6567708333333333 0.27175925925925926 0.08958333333333333 0.1388888888888889
0 0.70625 0.30324074074074076 0.07291666666666667 0.12962962962962962
0 0.05130208333333333 0.1037037037037037 0.036458333333333336 0.07685185185185185
0 0.8497395833333333 0.3435185185185185 0.06875 0.12777777777777777
0 0.7950520833333333 0.42268518518518516 0.05520833333333333 0.10277777777777777
0 0.70078125 0.23287037037037037 0.053125 0.07777777777777778
0 0.33619791666666665 0.0962962962962963 0.059375 0.10277777777777777
0 0.9424479166666667 0.42453703703703705 0.05364583333333333 0.09166666666666666
0 0.9908854166666666 0.4074074074074074 0.018229166666666668 0.07592592592592592