0 0.5635416666666667 0.5615740740740741 0.12135416666666667 0.2601851851851852
0 0.4622395833333333 0.5291666666666667 0.10520833333333333 0.2689814814814815
0 0.3463541666666667 0.5800925925925926 0.13880208333333333 0.274537037037037
0 0.18723958333333332 0.5574074074074075 0.10260416666666666 0.2222222222222222
0 0.6440104166666667 0.7060185185185185 0.13515625 0.20416666666666666
0 0.8265625 0.5472222222222223 0.12239583333333333 0.1875
0 0.50546875 0.8111111111111111 0.14114583333333333 0.28194444444444444
0 0.4166666666666667 0.7462962962962963 0.13541666666666666 0.25601851851851853
0 0.40260416666666665 0.287962962962963 0.10442708333333334 0.1736111111111111
0 0.09453125 0.7476851851851852 0.1359375 0.23472222222222222
0 0.38307291666666665 0.44305555555555554 0.10130208333333333 0.22268518518518518
0 0.5682291666666667 0.37222222222222223 0.1453125 0.2449074074074074
0 0.08854166666666667 0.39814814814814814 0.0859375 0.175
0 0.184375 0.40925925925925927 0.08567708333333333 0.1486111111111111
0 0.04296875 0.5009259259259259 0.08489583333333334 0.17592592592592593
0 0.8588541666666667 0.6939814814814815 0.10677083333333333 0.1699074074074074
0 0.18723958333333332 0.7606481481481482 0.08984375 0.2537037037037037
0 0.48151041666666666 0.337037037037037 0.08359375 0.14166666666666666
0 0.7432291666666667 0.5578703703703703 0.09609375 0.14537037037037037
0 0.77890625 0.7402777777777778 0.1 0.16111111111111112
0 0.2721354166666667 0.49583333333333335 0.08072916666666667 0.2199074074074074
0 0.09817708333333333 0.5708333333333333 0.09817708333333333 0.16111111111111112
0 0.3734375 0.19537037037037036 0.09869791666666666 0.14074074074074075
0 0.6385416666666667 0.8925925925925926 0.14921875 0.2111111111111111
0 0.9161458333333333 0.5597222222222222 0.08203125 0.1675925925925926
0 0.7333333333333333 0.8666666666666667 0.09921875 0.17916666666666667
0 0.48984375 0.25462962962962965 0.09114583333333333 0.1300925925925926
0 0.91640625 0.3055555555555556 0.06666666666666667 0.10462962962962963
0 0.4609375 0.1763888888888889 0.0828125 0.10416666666666667
0 0.21822916666666667 0.27314814814814814 0.06536458333333334 0.11435185185185186
0 0.12734375 0.9185185185185185 0.1390625 0.15694444444444444
0 0.31692708333333336 0.25972222222222224 0.06796875 0.11574074074074074
0 0.5604166666666667 0.24027777777777778 0.07473958333333333 0.11990740740740741
0 0.8375 0.275 0.0828125 0.10787037037037037
0 0.875 0.23333333333333334 0.058854166666666666 0.07453703703703704
0 0.29609375 0.3958333333333333 0.06614583333333333 0.13287037037037036
0 0.16041666666666668 0.2388888888888889 0.08671875 0.09074074074074075
0 0.55625 0.1625 0.0859375 0.11203703703703703
0 0.03515625 0.7870370370370371 0.06927083333333334 0.21805555555555556
0 0.63515625 0.13194444444444445 0.050520833333333334 0.1787037037037037
0 0.038802083333333334 0.6092592592592593 0.07760416666666667 0.14722222222222223
0 0.6875 0.6074074074074074 0.09348958333333333 0.12129629629629629
0 0.85 0.35509259259259257 0.09088541666666666 0.13148148148148148
0 0.72734375 0.3060185185185185 0.06276041666666667 0.11851851851851852
0 0.76796875 0.6578703703703703 0.096875 0.11203703703703703
0 0.7911458333333333 0.3055555555555556 0.06458333333333334 0.1037037037037037
0 0.9125 0.20462962962962963 0.04453125 0.05740740740740741
0 0.04921875 0.3421296296296296 0.06848958333333334 0.11944444444444445
0 0.055989583333333336 0.2777777777777778 0.10963541666666667 0.11435185185185186
0 0.6 0.09814814814814815 0.05520833333333333 0.11296296296296296
0 0.39817708333333335 0.1175925925925926 0.054947916666666666 0.06805555555555555
0 0.5432291666666667 0.11851851851851852 0.049479166666666664 0.0625
0 0.46328125 0.10972222222222222 0.05755208333333333 0.07962962962962963
0 0.05416666666666667 0.9597222222222223 0.07552083333333333 0.08055555555555556