0 0.665625 0.30833333333333335 0.09114583333333333 0.18611111111111112
0 0.58515625 0.2740740740740741 0.10104166666666667 0.2222222222222222
0 0.584375 0.43842592592592594 0.11979166666666667 0.22314814814814815
0 0.875 0.600925925925926 0.09479166666666666 0.1638888888888889
0 0.68125 0.17546296296296296 0.11614583333333334 0.1537037037037037
0 0.77109375 0.49398148148148147 0.11614583333333334 0.20925925925925926
0 0.44895833333333335 0.42083333333333334 0.11302083333333333 0.24166666666666667
0 0.7638020833333333 0.33287037037037037 0.13958333333333334 0.20555555555555555
0 0.2760416666666667 0.43287037037037035 0.09114583333333333 0.21574074074074073
0 0.37395833333333334 0.32222222222222224 0.11979166666666667 0.25092592592592594
0 0.3885416666666667 0.5518518518518518 0.10364583333333334 0.17962962962962964
0 0.18489583333333334 0.6671296296296296 0.058333333333333334 0.10555555555555556
0 0.19817708333333334 0.513425925925926 0.09427083333333333 0.19907407407407407
0 0.8044270833333333 0.3388888888888889 0.053125 0.10925925925925926
0 0.68359375 0.4041666666666667 0.1265625 0.1925925925925926
0 0.0546875 0.4009259259259259 0.109375 0.20925925925925926
0 0.24453125 0.7060185185185185 0.065625 0.13518518518518519
0 0.9466145833333334 0.5976851851851852 0.09479166666666666 0.1638888888888889
0 0.12760416666666666 0.6708333333333333 0.049479166666666664 0.07962962962962963
0 0.8518229166666667 0.6847222222222222 0.07760416666666667 0.125
0 0.69375 0.5185185185185185 0.11458333333333333 0.20185185185185187
0 0.596875 0.7597222222222222 0.07395833333333333 0.12685185185185185
0 0.15182291666666667 0.6175925925925926 0.0625 0.10925925925925926
0 0.6651041666666667 0.6773148148148148 0.115625 0.19907407407407407
0 0.196875 0.7111111111111111 0.052083333333333336 0.08981481481481482
0 0.5486979166666667 0.549537037037037 0.13177083333333334 0.28888888888888886
0 0.13385416666666666 0.5518518518518518 0.075 0.14814814814814814
0 0.44765625 0.6337962962962963 0.05520833333333333 0.15185185185185185
0 0.09479166666666666 0.42685185185185187 0.0796875 0.1935185185185185
0 0.9356770833333333 0.674537037037037 0.06979166666666667 0.10462962962962963
0 0.021875 0.4898148148148148 0.04375 0.09259259259259259
0 0.07734375 0.5856481481481481 0.07083333333333333 0.1287037037037037
0 0.024739583333333332 0.562962962962963 0.049479166666666664 0.10185185185185185
0 0.3997395833333333 0.7162037037037037 0.057291666666666664 0.09814814814814815
0 0.12942708333333333 0.47685185185185186 0.09791666666666667 0.1962962962962963
0 0.5778645833333333 0.6842592592592592 0.06979166666666667 0.11481481481481481
0 0.9786458333333333 0.48009259259259257 0.042708333333333334 0.1175925925925926
0 0.39348958333333334 0.7972222222222223 0.05677083333333333 0.11481481481481481
0 0.32526041666666666 0.6277777777777778 0.07708333333333334 0.1638888888888889
0 0.9541666666666667 0.7912037037037037 0.05677083333333333 0.125
0 0.8893229166666666 0.7148148148148148 0.06354166666666666 0.10555555555555556
0 0.9466145833333334 0.7189814814814814 0.065625 0.10555555555555556
0 0.11510416666666666 0.7398148148148148 0.0421875 0.07222222222222222
0 0.5018229166666667 0.6773148148148148 0.06302083333333333 0.12314814814814815
0 0.74609375 0.6657407407407407 0.09739583333333333 0.14444444444444443
0 0.5484375 0.7976851851851852 0.08020833333333334 0.1537037037037037
0 0.9046875 0.8046296296296296 0.059895833333333336 0.0962962962962963
0 0.05546875 0.6763888888888889 0.05416666666666667 0.09166666666666666
0 0.7375 0.20694444444444443 0.0890625 0.13240740740740742
0 0.4513020833333333 0.7777777777777778 0.059375 0.11296296296296296
0 0.9497395833333333 0.4324074074074074 0.10052083333333334 0.21296296296296297
0 0.6375 0.5078703703703704 0.0921875 0.2222222222222222
0 0.72265625 0.8101851851851852 0.08072916666666667 0.13703703703703704
0 0.2911458333333333 0.6412037037037037 0.08072916666666667 0.16574074074074074
0 0.171875 0.7541666666666667 0.053125 0.08333333333333333
0 0.2 0.5967592592592592 0.0578125 0.09166666666666666
0 0.2604166666666667 0.7800925925925926 0.053125 0.08981481481481482
0 0.1390625 0.7898148148148149 0.059895833333333336 0.11666666666666667
0 0.47317708333333336 0.7222222222222222 0.057291666666666664 0.12037037037037036
0 0.6731770833333334 0.7722222222222223 0.06770833333333333 0.09537037037037037
0 0.5989583333333334 0.8513888888888889 0.06354166666666666 0.1037037037037037
0 0.54765625 0.862037037037037 0.0578125 0.08611111111111111
0 0.6625 0.8527777777777777 0.07760416666666667 0.10462962962962963
0 0.8393229166666667 0.8333333333333334 0.06354166666666666 0.08333333333333333
0 0.15755208333333334 0.6986111111111111 0.046875 0.07037037037037037
0 0.41015625 0.8481481481481481 0.04739583333333333 0.08425925925925926
0 0.23125 0.7699074074074074 0.06822916666666666 0.09722222222222222
0 0.18307291666666667 0.8203703703703704 0.06458333333333334 0.10925925925925926
0 0.49661458333333336 0.812037037037037 0.0609375 0.13333333333333333
0 0.03697916666666667 0.6365740740740741 0.04479166666666667 0.08888888888888889
0 0.7885416666666667 0.6731481481481482 0.05625 0.1175925925925926
0 0.73203125 0.7319444444444444 0.07083333333333333 0.10555555555555556
0 0.08072916666666667 0.7680555555555556 0.06666666666666667 0.11203703703703703
0 0.00625 0.6509259259259259 0.0125 0.1
0 0.0140625 0.5824074074074074 0.028125 0.1111111111111111
0 0.9041666666666667 0.6430555555555556 0.06614583333333333 0.13055555555555556
0 0.2916666666666667 0.762962962962963 0.059375 0.12685185185185185
0 0.025 0.7203703703703703 0.05 0.11481481481481481
0 0.9315104166666667 0.7578703703703704 0.06197916666666667 0.09814814814814815
0 0.8255208333333334 0.6717592592592593 0.06979166666666667 0.17037037037037037
0 0.8721354166666667 0.7967592592592593 0.03697916666666667 0.058333333333333334