0 0.5684895833333333 0.3592592592592593 0.09635416666666667 0.1787037037037037
0 0.5265625 0.7203703703703703 0.06302083333333333 0.1111111111111111
0 0.5794270833333334 0.6736111111111112 0.06666666666666667 0.10555555555555556
0 0.43671875 0.2763888888888889 0.1046875 0.18518518518518517
0 0.34661458333333334 0.325 0.11979166666666667 0.1935185185185185
0 0.34609375 0.47453703703703703 0.12083333333333333 0.20925925925925926
0 0.27291666666666664 0.3699074074074074 0.10885416666666667 0.19907407407407407
0 0.26640625 0.5111111111111111 0.09322916666666667 0.16018518518518518
0 0.58359375 0.19166666666666668 0.12447916666666667 0.22870370370370371
0 0.4434895833333333 0.4648148148148148 0.10520833333333333 0.1712962962962963
0 0.50625 0.32175925925925924 0.0890625 0.1388888888888889
0 0.6299479166666667 0.513425925925926 0.096875 0.1925925925925926
0 0.4979166666666667 0.20092592592592592 0.11614583333333334 0.20925925925925926
0 0.21276041666666667 0.4476851851851852 0.08854166666666667 0.18703703703703703
0 0.7361979166666667 0.3523148148148148 0.12395833333333334 0.21574074074074073
0 0.9130208333333333 0.23287037037037037 0.121875 0.16018518518518518
0 0.5041666666666667 0.4273148148148148 0.09947916666666666 0.15555555555555556
0 0.85703125 0.337037037037037 0.09895833333333333 0.2111111111111111
0 0.8591145833333333 0.5152777777777777 0.0859375 0.14907407407407408
0 0.37734375 0.7101851851851851 0.07864583333333333 0.15092592592592594
0 0.92734375 0.36574074074074076 0.11770833333333333 0.2
0 0.8481770833333333 0.6171296296296296 0.06927083333333334 0.11296296296296296
0 0.9520833333333333 0.5509259259259259 0.08333333333333333 0.1388888888888889
0 0.6888020833333334 0.5018518518518519 0.115625 0.2759259259259259
0 0.45677083333333335 0.7194444444444444 0.08958333333333333 0.18055555555555555
0 0.05755208333333333 0.5833333333333334 0.06979166666666667 0.13240740740740742
0 0.153125 0.7273148148148149 0.0734375 0.11574074074074074
0 0.6955729166666667 0.7148148148148148 0.0796875 0.13055555555555556
0 0.18645833333333334 0.7893518518518519 0.078125 0.10925925925925926
0 0.6828125 0.27824074074074073 0.15208333333333332 0.27314814814814814
0 0.9169270833333333 0.48518518518518516 0.07708333333333334 0.13703703703703704
0 0.7752604166666667 0.49074074074074076 0.13125 0.2657407407407407
0 0.6276041666666666 0.736574074074074 0.07864583333333333 0.12314814814814815
0 0.6372395833333333 0.8125 0.08125 0.12037037037037036
0 0.3854166666666667 0.8046296296296296 0.0734375 0.10925925925925926
0 0.31536458333333334 0.7356481481481482 0.06510416666666667 0.10555555555555556
0 0.959375 0.19768518518518519 0.044270833333333336 0.11481481481481481
0 0.1 0.7310185185185185 0.08385416666666666 0.17037037037037037
0 0.46979166666666666 0.8791666666666667 0.09322916666666667 0.17777777777777778
0 0.04296875 0.4101851851851852 0.0859375 0.15555555555555556
0 0.8408854166666667 0.7476851851851852 0.07552083333333333 0.09722222222222222
0 0.7317708333333334 0.600462962962963 0.08645833333333333 0.17962962962962964
0 0.23932291666666666 0.6597222222222222 0.08541666666666667 0.1527777777777778
0 0.7723958333333333 0.6041666666666666 0.057291666666666664 0.1361111111111111
0 0.934375 0.14444444444444443 0.07083333333333333 0.09907407407407408
0 0.8041666666666667 0.7166666666666667 0.058333333333333334 0.10925925925925926
0 0.89609375 0.575462962962963 0.06510416666666667 0.11944444444444445
0 0.56796875 0.7546296296296297 0.06822916666666666 0.1111111111111111
0 0.9684895833333333 0.34305555555555556 0.06302083333333333 0.18611111111111112
0 0.13723958333333333 0.8162037037037037 0.0625 0.09814814814814815
0 0.04895833333333333 0.7194444444444444 0.08333333333333333 0.18055555555555555
0 0.6286458333333333 0.6444444444444445 0.0890625 0.17592592592592593
0 0.6947916666666667 0.8013888888888889 0.06979166666666667 0.10833333333333334
0 0.9184895833333333 0.6407407407407407 0.08125 0.14722222222222223
0 0.20911458333333333 0.6995370370370371 0.071875 0.175
0 0.14921875 0.9055555555555556 0.059375 0.09074074074074075
0 0.428125 0.37453703703703706 0.0890625 0.12129629629629629
0 0.03046875 0.5356481481481481 0.0609375 0.20277777777777778
0 0.0640625 0.8273148148148148 0.071875 0.12037037037037036
0 0.9609375 0.48564814814814816 0.078125 0.18055555555555555
0 0.5322916666666667 0.8157407407407408 0.08177083333333333 0.15648148148148147
0 0.5768229166666666 0.7972222222222223 0.05260416666666667 0.0824074074074074
0 0.6572916666666667 0.8592592592592593 0.0546875 0.07685185185185185
0 0.7372395833333333 0.7236111111111111 0.0625 0.11481481481481481
0 0.3333333333333333 0.7898148148148149 0.0625 0.09537037037037037
0 0.10078125 0.9027777777777778 0.05416666666666667 0.09351851851851851
0 0.92265625 0.7222222222222222 0.08229166666666667 0.09444444444444444
0 0.3919270833333333 0.9004629629629629 0.06666666666666667 0.11203703703703703
0 0.4276041666666667 0.6027777777777777 0.1203125 0.18981481481481483
0 0.9786458333333333 0.6291666666666667 0.042708333333333334 0.14166666666666666
0 0.3494791666666667 0.8606481481481482 0.07395833333333333 0.10925925925925926