0 0.47578125 0.6212962962962963 0.16354166666666667 0.2537037037037037
0 0.4778645833333333 0.43842592592592594 0.165625 0.22685185185185186
0 0.4315104166666667 0.24259259259259258 0.17395833333333333 0.2861111111111111
0 0.4080729166666667 0.7851851851851852 0.134375 0.26944444444444443
0 0.328125 0.5583333333333333 0.17864583333333334 0.2916666666666667
0 0.35 0.3921296296296296 0.16302083333333334 0.2777777777777778
0 0.6026041666666667 0.29583333333333334 0.11302083333333333 0.2101851851851852
0 0.51328125 0.28564814814814815 0.1390625 0.21203703703703702
0 0.5817708333333333 0.6 0.15833333333333333 0.2935185185185185
0 0.5877604166666667 0.44212962962962965 0.09166666666666666 0.1685185185185185
0 0.5049479166666667 0.9199074074074074 0.09427083333333333 0.16018518518518518
0 0.40625 0.9629629629629629 0.09791666666666667 0.07407407407407407
0 0.4666666666666667 0.09907407407407408 0.13489583333333333 0.17592592592592593
0 0.6494791666666667 0.2300925925925926 0.09375 0.19537037037037036
0 0.30364583333333334 0.8046296296296296 0.140625 0.29444444444444445
0 0.33255208333333336 0.9328703703703703 0.11510416666666666 0.13425925925925927
0 0.6346354166666667 0.4439814814814815 0.08645833333333333 0.18055555555555555
0 0.6736979166666667 0.38055555555555554 0.0703125 0.16203703703703703
0 0.584375 0.018055555555555554 0.06875 0.03611111111111111
0 0.6049479166666667 0.14074074074074075 0.075 0.13703703703703704
0 0.6536458333333334 0.5652777777777778 0.07864583333333333 0.15092592592592594
0 0.5260416666666666 0.12546296296296297 0.084375 0.13703703703703704
0 0.6963541666666667 0.5458333333333333 0.07552083333333333 0.1685185185185185
0 0.7255208333333333 0.6796296296296296 0.10729166666666666 0.11666666666666667
0 0.46953125 0.8458333333333333 0.08229166666666667 0.18333333333333332
0 0.6432291666666666 0.8689814814814815 0.07552083333333333 0.12962962962962962
0 0.4515625 0.950462962962963 0.071875 0.09907407407407408
0 0.6502604166666667 0.9439814814814815 0.0609375 0.05555555555555555
0 0.7388020833333333 0.6125 0.07135416666666666 0.11481481481481481
0 0.6966145833333334 0.26157407407407407 0.046875 0.10740740740740741
0 0.71875 0.5162037037037037 0.042708333333333334 0.0962962962962963
0 0.7111979166666667 0.37453703703703706 0.053125 0.11296296296296296