0 0.4591145833333333 0.7782407407407408 0.08177083333333333 0.18518518518518517
0 0.384375 0.7347222222222223 0.08541666666666667 0.1574074074074074
0 0.46901041666666665 0.624537037037037 0.10260416666666666 0.20462962962962963
0 0.35598958333333336 0.850462962962963 0.11302083333333333 0.14629629629629629
0 0.19010416666666666 0.38101851851851853 0.08802083333333334 0.15185185185185185
0 0.29010416666666666 0.5231481481481481 0.11197916666666667 0.2101851851851852
0 0.6005208333333333 0.6787037037037037 0.10260416666666666 0.2388888888888889
0 0.12421875 0.37824074074074077 0.08541666666666667 0.15925925925925927
0 0.6609375 0.799537037037037 0.12864583333333332 0.25462962962962965
0 0.7645833333333333 0.7032407407407407 0.08333333333333333 0.19907407407407407
0 0.6635416666666667 0.5722222222222222 0.10104166666666667 0.17777777777777778
0 0.36640625 0.6291666666666667 0.12239583333333333 0.1935185185185185
0 0.8627604166666667 0.4861111111111111 0.058333333333333334 0.10555555555555556
0 0.032552083333333336 0.4652777777777778 0.06510416666666667 0.12685185185185185
0 0.84296875 0.6402777777777777 0.090625 0.19722222222222222
0 0.21822916666666667 0.31157407407407406 0.06979166666666667 0.11944444444444445
0 0.5075520833333333 0.5425925925925926 0.1265625 0.27314814814814814
0 0.0296875 0.5560185185185185 0.059375 0.14166666666666666
0 0.065625 0.32083333333333336 0.06875 0.13333333333333333
0 0.3653645833333333 0.5166666666666667 0.09635416666666667 0.19722222222222222
0 0.8080729166666667 0.4263888888888889 0.058854166666666666 0.12222222222222222
0 0.24947916666666667 0.6615740740740741 0.05 0.09814814814814815
0 0.7427083333333333 0.5027777777777778 0.096875 0.2
0 0.9197916666666667 0.4949074074074074 0.04895833333333333 0.07777777777777778
0 0.42604166666666665 0.3819444444444444 0.09114583333333333 0.1685185185185185
0 0.31927083333333334 0.3611111111111111 0.090625 0.14166666666666666
0 0.13151041666666666 0.2490740740740741 0.07083333333333333 0.10833333333333334
0 0.07083333333333333 0.4671296296296296 0.0625 0.11388888888888889
0 0.93515625 0.7375 0.11822916666666666 0.26851851851851855
0 0.13932291666666666 0.2986111111111111 0.06510416666666667 0.09351851851851851
0 0.90234375 0.6833333333333333 0.09583333333333334 0.1925925925925926
0 0.5630208333333333 0.4199074074074074 0.06614583333333333 0.12962962962962962
0 0.18359375 0.26851851851851855 0.059895833333333336 0.09907407407407408
0 0.6619791666666667 0.3958333333333333 0.05677083333333333 0.0962962962962963
0 0.47239583333333335 0.29814814814814816 0.065625 0.11944444444444445
0 0.8919270833333334 0.5388888888888889 0.0625 0.11388888888888889
0 0.8546875 0.43657407407407406 0.052083333333333336 0.09074074074074075
0 0.6083333333333333 0.4773148148148148 0.06822916666666666 0.19074074074074074
0 0.9041666666666667 0.6069444444444444 0.07239583333333334 0.13425925925925927
0 0.4239583333333333 0.5462962962962963 0.08697916666666666 0.21388888888888888
0 0.08723958333333333 0.5222222222222223 0.08229166666666667 0.16574074074074074
0 0.3033854166666667 0.8194444444444444 0.0796875 0.13148148148148148
0 0.9640625 0.5856481481481481 0.0671875 0.12037037037037036
0 0.490625 0.38564814814814813 0.06979166666666667 0.1175925925925926
0 0.12317708333333334 0.1699074074074074 0.06145833333333333 0.11481481481481481
0 0.9807291666666667 0.4949074074074074 0.03854166666666667 0.09166666666666666
0 0.6708333333333333 0.31851851851851853 0.06041666666666667 0.11481481481481481
0 0.8765625 0.33101851851851855 0.059895833333333336 0.10648148148148148
0 0.33515625 0.3013888888888889 0.0765625 0.11481481481481481
0 0.74140625 0.3819444444444444 0.04895833333333333 0.09074074074074075
0 0.35208333333333336 0.21898148148148147 0.0734375 0.13333333333333333
0 0.3963541666666667 0.28564814814814815 0.06510416666666667 0.1037037037037037
0 0.07291666666666667 0.2351851851851852 0.075 0.12777777777777777
0 0.9359375 0.42407407407407405 0.04635416666666667 0.0787037037037037
0 0.6140625 0.325 0.058854166666666666 0.10092592592592593
0 0.5221354166666666 0.2833333333333333 0.071875 0.14351851851851852
0 0.17916666666666667 0.17222222222222222 0.0515625 0.09166666666666666
0 0.28359375 0.3421296296296296 0.065625 0.13055555555555556
0 0.23567708333333334 0.1638888888888889 0.059375 0.0824074074074074
0 0.05703125 0.1550925925925926 0.052083333333333336 0.08425925925925926
0 0.16276041666666666 0.14583333333333334 0.04375 0.08333333333333333
0 0.24739583333333334 0.3143518518518518 0.0546875 0.15092592592592594
0 0.8953125 0.45231481481481484 0.049479166666666664 0.07962962962962963
0 0.03229166666666667 0.29768518518518516 0.05625 0.19537037037037036
0 0.0359375 0.21898148148148147 0.0359375 0.07037037037037037
0 0.8841145833333334 0.40046296296296297 0.0625 0.09351851851851851
0 0.08333333333333333 0.15 0.0390625 0.06944444444444445
0 0.571875 0.27037037037037037 0.05572916666666667 0.11018518518518519
0 0.4109375 0.18611111111111112 0.06666666666666667 0.08148148148148149
0 0.91640625 0.3662037037037037 0.06354166666666666 0.12037037037037036
0 0.4752604166666667 0.20046296296296295 0.052083333333333336 0.07685185185185185
0 0.9682291666666667 0.40324074074074073 0.06354166666666666 0.11388888888888889
0 0.5239583333333333 0.20879629629629629 0.05364583333333333 0.08055555555555556
0 0.59765625 0.387037037037037 0.065625 0.14166666666666666
0 0.7674479166666667 0.35185185185185186 0.05520833333333333 0.1
0 0.8002604166666667 0.35324074074074074 0.052083333333333336 0.08425925925925926
0 0.8518229166666667 0.36157407407407405 0.0421875 0.08148148148148149