0 0.6348958333333333 0.7564814814814815 0.09322916666666667 0.1361111111111111
0 0.63984375 0.6097222222222223 0.11302083333333333 0.14814814814814814
0 0.5486979166666667 0.6370370370370371 0.10989583333333333 0.18333333333333332
0 0.7111979166666667 0.7606481481481482 0.06979166666666667 0.18981481481481483
0 0.55 0.9416666666666667 0.10104166666666667 0.11666666666666667
0 0.5348958333333333 0.39675925925925926 0.12239583333333333 0.16666666666666666
0 0.6388020833333333 0.9101851851851852 0.0953125 0.17962962962962964
0 0.4981770833333333 0.0962962962962963 0.1109375 0.13055555555555556
0 0.5768229166666666 0.24861111111111112 0.1265625 0.17777777777777778
0 0.4518229166666667 0.3138888888888889 0.08697916666666666 0.16111111111111112
0 0.35208333333333336 0.011111111111111112 0.051041666666666666 0.022222222222222223
0 0.4393229166666667 0.021296296296296296 0.09947916666666666 0.04259259259259259
0 0.6419270833333334 0.9824074074074074 0.0546875 0.03518518518518519
0 0.58515625 0.8046296296296296 0.090625 0.20092592592592592
0 0.34140625 0.08842592592592592 0.06770833333333333 0.09814814814814815
0 0.5234375 0.8425925925925926 0.0984375 0.17685185185185184
0 0.3729166666666667 0.7148148148148148 0.06145833333333333 0.11481481481481481
0 0.43046875 0.8194444444444444 0.09635416666666667 0.17962962962962964
0 0.3299479166666667 0.022685185185185187 0.043229166666666666 0.04537037037037037
0 0.48098958333333336 0.5939814814814814 0.146875 0.1935185185185185
0 0.41692708333333334 0.43148148148148147 0.0796875 0.075
0 0.36276041666666664 0.36203703703703705 0.04791666666666667 0.08981481481481482
0 0.4114583333333333 0.6685185185185185 0.05520833333333333 0.10925925925925926
0 0.31692708333333336 0.36527777777777776 0.0578125 0.08518518518518518
0 0.39895833333333336 0.2162037037037037 0.0828125 0.11388888888888889
0 0.40208333333333335 0.5337962962962963 0.06145833333333333 0.09537037037037037
0 0.45078125 0.9407407407407408 0.06666666666666667 0.1175925925925926
0 0.34348958333333335 0.6365740740740741 0.07604166666666666 0.12129629629629629
0 0.7033854166666667 0.8652777777777778 0.06197916666666667 0.1425925925925926
0 0.3375 0.46296296296296297 0.05625 0.09074074074074075
0 0.51953125 0.7421296296296296 0.11458333333333333 0.13148148148148148
0 0.36666666666666664 0.9384259259259259 0.06614583333333333 0.11666666666666667
0 0.38567708333333334 0.1587962962962963 0.08333333333333333 0.12037037037037036
0 0.3015625 0.0060185185185185185 0.03854166666666667 0.012037037037037037
0 0.39348958333333334 0.018518518518518517 0.043229166666666666 0.037037037037037035
0 0.303125 0.12916666666666668 0.04375 0.0824074074074074
0 0.37213541666666666 0.49166666666666664 0.0609375 0.08518518518518518
0 0.37942708333333336 0.850462962962963 0.04375 0.10833333333333334
0 0.3223958333333333 0.7342592592592593 0.05 0.1
0 0.30755208333333334 0.6462962962962963 0.040625 0.09166666666666666
0 0.3328125 0.8458333333333333 0.04739583333333333 0.1259259259259259
0 0.2916666666666667 0.40324074074074073 0.04114583333333333 0.07314814814814814
0 0.30390625 0.0763888888888889 0.04479166666666667 0.11018518518518519
0 0.26666666666666666 0.02546296296296296 0.052083333333333336 0.05092592592592592
0 0.3265625 0.5481481481481482 0.06770833333333333 0.08888888888888889
0 0.41171875 0.9435185185185185 0.04895833333333333 0.10925925925925926
0 0.3182291666666667 0.18101851851851852 0.0640625 0.08796296296296297