0 0.77109375 0.3384259259259259 0.14010416666666667 0.2851851851851852
0 0.8658854166666666 0.4532407407407407 0.09947916666666666 0.17314814814814813
0 0.50625 0.44305555555555554 0.0828125 0.15185185185185185
0 0.38307291666666665 0.44722222222222224 0.06145833333333333 0.10740740740740741
0 0.35598958333333336 0.24953703703703703 0.06927083333333334 0.12314814814814815
0 0.7247395833333333 0.5 0.0796875 0.13333333333333333
0 0.8640625 0.5847222222222223 0.10260416666666666 0.1398148148148148
0 0.6388020833333333 0.6953703703703704 0.07291666666666667 0.17222222222222222
0 0.24401041666666667 0.06435185185185185 0.09947916666666666 0.1287037037037037
0 0.7924479166666667 0.6712962962962963 0.0921875 0.14722222222222223
0 0.9299479166666667 0.300462962962963 0.14010416666666667 0.2657407407407407
0 0.9606770833333333 0.46435185185185185 0.07864583333333333 0.19907407407407407
0 0.9669270833333333 0.6467592592592593 0.06614583333333333 0.15092592592592594
0 0.7033854166666667 0.6111111111111112 0.10885416666666667 0.18796296296296297
0 0.5955729166666667 0.6069444444444444 0.10572916666666667 0.23148148148148148
0 0.4661458333333333 0.49675925925925923 0.071875 0.125
0 0.3927083333333333 0.5171296296296296 0.07552083333333333 0.13055555555555556
0 0.34270833333333334 0.5430555555555555 0.06927083333333334 0.13425925925925927
0 0.31197916666666664 0.3060185185185185 0.084375 0.1527777777777778
0 0.41041666666666665 0.3050925925925926 0.11145833333333334 0.20555555555555555
0 0.28619791666666666 0.15462962962962962 0.1078125 0.18055555555555555
0 0.17708333333333334 0.11527777777777778 0.09479166666666666 0.15648148148148147
0 0.234375 0.25046296296296294 0.07447916666666667 0.14166666666666666
0 0.17760416666666667 0.2625 0.06979166666666667 0.13148148148148148
0 0.9203125 0.7453703703703703 0.08489583333333334 0.13148148148148148
0 0.9106770833333333 0.8472222222222222 0.0625 0.10462962962962963
0 0.7421875 0.7449074074074075 0.0625 0.1
0 0.6388020833333333 0.8694444444444445 0.050520833333333334 0.08888888888888889
0 0.5557291666666667 0.7143518518518519 0.06666666666666667 0.12129629629629629
0 0.6106770833333334 0.7875 0.058333333333333334 0.10277777777777777
0 0.6802083333333333 0.8143518518518519 0.05572916666666667 0.11481481481481481
0 0.6822916666666666 0.6935185185185185 0.0578125 0.1037037037037037
0 0.74375 0.8689814814814815 0.04895833333333333 0.1
0 0.7940104166666667 0.9125 0.05677083333333333 0.10555555555555556
0 0.8213541666666667 0.8699074074074075 0.08125 0.11851851851851852
0 0.48723958333333334 0.6138888888888889 0.08854166666666667 0.14074074074074075
0 0.41901041666666666 0.5856481481481481 0.08125 0.13518518518518519
0 0.40260416666666665 0.65 0.05625 0.08703703703703704
0 0.46041666666666664 0.6800925925925926 0.0765625 0.10648148148148148
0 0.2859375 0.5777777777777777 0.06510416666666667 0.11574074074074074
0 0.28072916666666664 0.44074074074074077 0.08645833333333333 0.1787037037037037
0 0.23984375 0.3375 0.07552083333333333 0.1287037037037037
0 0.17916666666666667 0.3736111111111111 0.0609375 0.10925925925925926
0 0.22760416666666666 0.4356481481481482 0.06041666666666667 0.11481481481481481
0 0.11328125 0.39305555555555555 0.05520833333333333 0.1037037037037037
0 0.18098958333333334 0.4597222222222222 0.05520833333333333 0.10092592592592593
0 0.19192708333333333 0.5444444444444444 0.05364583333333333 0.09722222222222222
0 0.3265625 0.7490740740740741 0.06041666666666667 0.12314814814814815
0 0.22864583333333333 0.6601851851851852 0.0390625 0.09351851851851851
0 0.27890625 0.6930555555555555 0.059375 0.10925925925925926
0 0.19088541666666667 0.6462962962962963 0.04739583333333333 0.11203703703703703
0 0.13932291666666666 0.47685185185185186 0.04895833333333333 0.10277777777777777
0 0.25078125 0.5745370370370371 0.042708333333333334 0.10555555555555556
0 0.2596354166666667 0.6263888888888889 0.050520833333333334 0.09166666666666666
0 0.3455729166666667 0.6194444444444445 0.05677083333333333 0.08981481481481482
0 0.30807291666666664 0.6587962962962963 0.049479166666666664 0.08796296296296297
0 0.35182291666666665 0.6791666666666667 0.0515625 0.08055555555555556
0 0.45859375 0.7407407407407407 0.049479166666666664 0.09722222222222222
0 0.49921875 0.7444444444444445 0.04583333333333333 0.09351851851851851