0 0.5763020833333333 0.3726851851851852 0.08854166666666667 0.16574074074074074
0 0.51328125 0.7240740740740741 0.0578125 0.10277777777777777
0 0.56875 0.6875 0.0625 0.09537037037037037
0 0.45026041666666666 0.2662037037037037 0.096875 0.17037037037037037
0 0.3578125 0.29768518518518516 0.11145833333333334 0.17685185185185184
0 0.3484375 0.44583333333333336 0.11197916666666667 0.1935185185185185
0 0.28203125 0.3287037037037037 0.1 0.18518518518518517
0 0.2669270833333333 0.4675925925925926 0.08645833333333333 0.14722222222222223
0 0.6013020833333333 0.20879629629629629 0.11458333333333333 0.21203703703703702
0 0.44583333333333336 0.4546296296296296 0.0984375 0.15648148148148147
0 0.5166666666666667 0.32407407407407407 0.08333333333333333 0.12685185185185185
0 0.6283854166666667 0.5375 0.08802083333333334 0.18055555555555555
0 0.5153645833333333 0.20185185185185187 0.10729166666666666 0.1935185185185185
0 0.21744791666666666 0.39490740740740743 0.0796875 0.17592592592592593
0 0.7434895833333334 0.3972222222222222 0.11458333333333333 0.19907407407407407
0 0.9265625 0.3111111111111111 0.11614583333333334 0.14166666666666666
0 0.50859375 0.4287037037037037 0.09322916666666667 0.14074074074074075
0 0.8645833333333334 0.4041666666666667 0.0890625 0.19907407407407407
0 0.85625 0.5814814814814815 0.07916666666666666 0.13796296296296295
0 0.365625 0.6861111111111111 0.071875 0.14074074074074075
0 0.9328125 0.44583333333333336 0.109375 0.18333333333333332
0 0.8393229166666667 0.6810185185185185 0.06458333333333334 0.1037037037037037
0 0.9466145833333334 0.6347222222222222 0.07708333333333334 0.12777777777777777
0 0.6877604166666667 0.5365740740740741 0.10260416666666666 0.26296296296296295
0 0.44427083333333334 0.7101851851851851 0.08125 0.16944444444444445
0 0.05520833333333333 0.5009259259259259 0.06354166666666666 0.12314814814814815
0 0.14166666666666666 0.6615740740740741 0.06927083333333334 0.10462962962962963
0 0.68203125 0.75 0.07447916666666667 0.11944444444444445
0 0.17109375 0.7296296296296296 0.07447916666666667 0.09722222222222222
0 0.6947916666666667 0.31342592592592594 0.14010416666666667 0.25277777777777777
0 0.915625 0.5625 0.07135416666666666 0.12685185185185185
0 0.77421875 0.5421296296296296 0.11927083333333334 0.2490740740740741
0 0.6130208333333333 0.7587962962962963 0.0734375 0.11203703703703703
0 0.6182291666666667 0.8361111111111111 0.0765625 0.10925925925925926
0 0.36822916666666666 0.7814814814814814 0.06927083333333334 0.09907407407407408
0 0.3026041666666667 0.7 0.0609375 0.0962962962962963
0 0.9744791666666667 0.2847222222222222 0.03854166666666667 0.11018518518518519
0 0.08854166666666667 0.6555555555555556 0.0765625 0.16018518518518518
0 0.44765625 0.8717592592592592 0.08541666666666667 0.1648148148148148
0 0.04895833333333333 0.32546296296296295 0.08385416666666666 0.1425925925925926
0 0.8244791666666667 0.8097222222222222 0.07239583333333334 0.08518518518518518
0 0.7244791666666667 0.6430555555555556 0.078125 0.1685185185185185
0 0.23151041666666666 0.6106481481481482 0.07916666666666666 0.14166666666666666
0 0.76484375 0.6541666666666667 0.050520833333333334 0.12962962962962962
0 0.9528645833333333 0.22685185185185186 0.0671875 0.08796296296296297
0 0.7895833333333333 0.7717592592592593 0.05364583333333333 0.10185185185185185
0 0.8895833333333333 0.6486111111111111 0.059895833333333336 0.1111111111111111
0 0.5526041666666667 0.7662037037037037 0.06354166666666666 0.10185185185185185
0 0.97421875 0.4310185185185185 0.0515625 0.18055555555555555
0 0.12057291666666667 0.7472222222222222 0.058333333333333334 0.08981481481481482
0 0.03854166666666667 0.6347222222222222 0.075 0.1712962962962963
0 0.6192708333333333 0.6671296296296296 0.08125 0.1648148148148148
0 0.6760416666666667 0.8361111111111111 0.065625 0.09814814814814815
0 0.9078125 0.7175925925925926 0.07447916666666667 0.1361111111111111
0 0.19895833333333332 0.6444444444444445 0.06354166666666666 0.1675925925925926
0 0.12734375 0.8379629629629629 0.05625 0.08148148148148149
0 0.4359375 0.36157407407407405 0.084375 0.10833333333333334
0 0.028125 0.44675925925925924 0.05625 0.19537037037037036
0 0.047135416666666666 0.7449074074074075 0.06666666666666667 0.11018518518518519
0 0.9622395833333334 0.5731481481481482 0.07552083333333333 0.1685185185185185
0 0.5135416666666667 0.8199074074074074 0.075 0.14537037037037037
0 0.5588541666666667 0.8097222222222222 0.04895833333333333 0.075
0 0.6354166666666666 0.8865740740740741 0.0515625 0.06851851851851852
0 0.72265625 0.7666666666666667 0.0578125 0.10555555555555556
0 0.3171875 0.7569444444444444 0.058854166666666666 0.08611111111111111
0 0.07916666666666666 0.8263888888888888 0.05 0.08611111111111111
0 0.9072916666666667 0.799537037037037 0.07916666666666666 0.08148148148148149
0 0.3690104166666667 0.8782407407407408 0.06197916666666667 0.10277777777777777
0 0.42213541666666665 0.5888888888888889 0.1125 0.17314814814814813
0 0.9752604166666666 0.7199074074074074 0.049479166666666664 0.13240740740740742
0 0.32916666666666666 0.8305555555555556 0.06979166666666667 0.09907407407407408