0 0.6908854166666667 0.9495370370370371 0.07864583333333333 0.10092592592592593
0 0.6895833333333333 0.7967592592592593 0.14322916666666666 0.29074074074074074
0 0.5513020833333333 0.9462962962962963 0.17447916666666666 0.10740740740740741
0 0.65703125 0.15324074074074073 0.13802083333333334 0.2361111111111111
0 0.4666666666666667 0.6087962962962963 0.1359375 0.22407407407407406
0 0.5596354166666667 0.825 0.20885416666666667 0.35
0 0.43984375 0.9449074074074074 0.07447916666666667 0.11018518518518519
0 0.44192708333333336 0.7810185185185186 0.12864583333333332 0.25462962962962965
0 0.5903645833333333 0.674537037037037 0.1546875 0.22314814814814815
0 0.3731770833333333 0.7532407407407408 0.09322916666666667 0.17592592592592593
0 0.48984375 0.4023148148148148 0.14791666666666667 0.21388888888888888
0 0.3653645833333333 0.887962962962963 0.11666666666666667 0.1712962962962963
0 0.2755208333333333 0.8694444444444445 0.07864583333333333 0.11666666666666667
0 0.53359375 0.2449074074074074 0.11614583333333334 0.20462962962962963
0 0.6986979166666667 0.1087962962962963 0.1265625 0.12037037037037036
0 0.371875 0.387037037037037 0.07552083333333333 0.11944444444444445
0 0.390625 0.5986111111111111 0.1203125 0.23425925925925925
0 0.4231770833333333 0.3699074074074074 0.08541666666666667 0.1537037037037037
0 0.31588541666666664 0.8217592592592593 0.10052083333333334 0.18888888888888888
0 0.4796875 0.06574074074074074 0.07708333333333334 0.13148148148148148
0 0.41848958333333336 0.1837962962962963 0.08333333333333333 0.17314814814814813
0 0.35520833333333335 0.2657407407407407 0.07447916666666667 0.15925925925925927
0 0.5544270833333333 0.10277777777777777 0.14635416666666667 0.20555555555555555
0 0.47369791666666666 0.0125 0.07135416666666666 0.025
0 0.37890625 0.12731481481481483 0.06510416666666667 0.14629629629629629
0 0.4822916666666667 0.22037037037037038 0.1125 0.20833333333333334
0 0.278125 0.6805555555555556 0.078125 0.18333333333333332
0 0.41484375 0.03611111111111111 0.06197916666666667 0.07222222222222222
0 0.31744791666666666 0.5717592592592593 0.065625 0.15185185185185185
0 0.38671875 0.04537037037037037 0.04635416666666667 0.09074074074074075
0 0.35052083333333334 0.1587962962962963 0.05 0.1111111111111111
0 0.3255208333333333 0.2518518518518518 0.0421875 0.10648148148148148
0 0.3880208333333333 0.011111111111111112 0.05416666666666667 0.022222222222222223