0 0.59140625 0.40925925925925927 0.09375 0.17407407407407408
0 0.4825520833333333 0.7231481481481481 0.06145833333333333 0.10833333333333334
0 0.54140625 0.7111111111111111 0.06510416666666667 0.10185185185185185
0 0.48359375 0.2518518518518518 0.10208333333333333 0.18055555555555555
0 0.38958333333333334 0.24259259259259258 0.1171875 0.18796296296296297
0 0.36015625 0.3824074074074074 0.11822916666666666 0.20462962962962963
0 0.31171875 0.23981481481481481 0.10625 0.19444444444444445
0 0.27838541666666666 0.3680555555555556 0.09114583333333333 0.15555555555555556
0 0.6377604166666667 0.26064814814814813 0.12135416666666667 0.22314814814814815
0 0.45364583333333336 0.4324074074074074 0.103125 0.16666666666666666
0 0.5401041666666667 0.3365740740740741 0.0875 0.13518518518518519
0 0.61953125 0.5916666666666667 0.09427083333333333 0.18888888888888888
0 0.55546875 0.2175925925925926 0.11354166666666667 0.2037037037037037
0 0.24010416666666667 0.2763888888888889 0.08541666666666667 0.18333333333333332
0 0.7502604166666667 0.5046296296296297 0.12083333333333333 0.2101851851851852
0 0.9395833333333333 0.5 0.1203125 0.15462962962962962
0 0.51796875 0.43425925925925923 0.09791666666666667 0.15092592592592594
0 0.8669270833333333 0.5638888888888889 0.09583333333333334 0.2074074074074074
0 0.834375 0.7324074074074074 0.08385416666666666 0.14537037037037037
0 0.34427083333333336 0.6231481481481481 0.0765625 0.14814814814814814
0 0.92734375 0.6333333333333333 0.11510416666666666 0.19444444444444445
0 0.8046875 0.8217592592592593 0.06822916666666666 0.11018518518518519
0 0.9151041666666667 0.8226851851851852 0.08125 0.13518518518518519
0 0.6770833333333334 0.6162037037037037 0.11145833333333334 0.2722222222222222
0 0.4171875 0.6800925925925926 0.08697916666666666 0.17685185185185184
0 0.06822916666666666 0.30972222222222223 0.06770833333333333 0.12962962962962962
0 0.13046875 0.5027777777777778 0.07239583333333334 0.11203703703703703
0 0.6424479166666667 0.8208333333333333 0.078125 0.12685185185185185
0 0.14973958333333334 0.5814814814814815 0.07708333333333334 0.10555555555555556
0 0.7143229166666667 0.4027777777777778 0.14791666666666667 0.26666666666666666
0 0.8947916666666667 0.7393518518518518 0.075 0.13333333333333333
0 0.7604166666666666 0.6587962962962963 0.12760416666666666 0.2601851851851852
0 0.5744791666666667 0.8 0.07708333333333334 0.11944444444444445
0 0.5690104166666666 0.8768518518518519 0.0796875 0.11666666666666667
0 0.3338541666666667 0.7166666666666667 0.071875 0.10555555555555556
0 0.28125 0.6087962962962963 0.0640625 0.10277777777777777
0 0.984375 0.4949074074074074 0.03125 0.11388888888888889
0 0.0796875 0.4740740740740741 0.08177083333333333 0.1675925925925926
0 0.39869791666666665 0.8379629629629629 0.090625 0.17314814814814813
0 0.0859375 0.13657407407407407 0.08802083333333334 0.15185185185185185
0 0.77265625 0.9402777777777778 0.07447916666666667 0.09351851851851851
0 0.6984375 0.7351851851851852 0.08385416666666666 0.17592592592592593
0 0.22447916666666667 0.49166666666666664 0.08333333333333333 0.14907407407407408
0 0.7359375 0.763425925925926 0.05520833333333333 0.13425925925925927
0 0.9708333333333333 0.42916666666666664 0.058333333333333334 0.09537037037037037
0 0.7440104166666667 0.888425925925926 0.05677083333333333 0.10648148148148148
0 0.8578125 0.8115740740740741 0.06354166666666666 0.11666666666666667
0 0.51484375 0.7805555555555556 0.06666666666666667 0.10833333333333334
0 0.9703125 0.6375 0.059375 0.18425925925925926
0 0.09817708333333333 0.5768518518518518 0.0609375 0.09537037037037037
0 0.03697916666666667 0.43148148148148147 0.07395833333333333 0.17777777777777778
0 0.59296875 0.7138888888888889 0.08645833333333333 0.17222222222222222
0 0.625 0.9018518518518519 0.06875 0.10462962962962963
0 0.8661458333333333 0.8865740740740741 0.07916666666666666 0.14351851851851852
0 0.18828125 0.5106481481481482 0.06927083333333334 0.17314814814814813
0 0.09244791666666667 0.6680555555555555 0.058333333333333334 0.08796296296296297
0 0.45677083333333335 0.3384259259259259 0.0875 0.1175925925925926
0 0.04505208333333333 0.2439814814814815 0.071875 0.2
0 0.03125 0.5425925925925926 0.0625 0.11666666666666667
0 0.94296875 0.7717592592592593 0.09010416666666667 0.17685185185185184
0 0.46979166666666666 0.8162037037037037 0.0796875 0.1527777777777778
0 0.5151041666666667 0.825925925925926 0.051041666666666666 0.08055555555555556
0 0.5786458333333333 0.9333333333333333 0.05364583333333333 0.07407407407407407
0 0.6799479166666667 0.8541666666666666 0.0609375 0.11203703703703703
0 0.2875 0.6708333333333333 0.06145833333333333 0.09259259259259259
0 0.04739583333333333 0.6356481481481482 0.05260416666666667 0.09166666666666666
0 0.8541666666666666 0.9601851851851851 0.08125 0.07962962962962963
0 0.3216145833333333 0.8106481481481481 0.065625 0.10925925925925926
0 0.4122395833333333 0.5527777777777778 0.11770833333333333 0.18518518518518517
0 0.9385416666666667 0.9217592592592593 0.06979166666666667 0.1388888888888889
0 0.28932291666666665 0.7472222222222222 0.07239583333333334 0.10648148148148148