0 0.68671875 0.38981481481481484 0.12916666666666668 0.16296296296296298
0 0.4921875 0.9152777777777777 0.078125 0.15462962962962962
0 0.59375 0.6638888888888889 0.14739583333333334 0.2212962962962963
0 0.6380208333333334 0.4828703703703704 0.1234375 0.18796296296296297
0 0.7036458333333333 0.19814814814814816 0.13020833333333334 0.23148148148148148
0 0.625 0.09861111111111111 0.090625 0.15092592592592594
0 0.7424479166666667 0.07361111111111111 0.096875 0.12314814814814815
0 0.60234375 0.27175925925925926 0.07760416666666667 0.18981481481481483
0 0.559375 0.45601851851851855 0.11302083333333333 0.19907407407407407
0 0.48880208333333336 0.4740740740740741 0.059895833333333336 0.14444444444444443
0 0.5098958333333333 0.6143518518518518 0.03854166666666667 0.11296296296296296
0 0.45078125 0.37777777777777777 0.06302083333333333 0.13055555555555556
0 0.4479166666666667 0.5342592592592592 0.0578125 0.1398148148148148
0 0.46822916666666664 0.8324074074074074 0.08020833333333334 0.16203703703703703
0 0.55546875 0.10555555555555556 0.06145833333333333 0.10925925925925926
0 0.5109375 0.22685185185185186 0.115625 0.1675925925925926
0 0.49609375 0.09953703703703703 0.06927083333333334 0.10740740740740741
0 0.45234375 0.6685185185185185 0.06822916666666666 0.11666666666666667
0 0.40338541666666666 0.6055555555555555 0.0453125 0.13055555555555556
0 0.41458333333333336 0.49212962962962964 0.05260416666666667 0.09537037037037037
0 0.5205729166666667 0.02175925925925926 0.0578125 0.04351851851851852
0 0.4666666666666667 0.022685185185185187 0.05416666666666667 0.04537037037037037
0 0.44765625 0.13333333333333333 0.041666666666666664 0.09166666666666666
0 0.425 0.9407407407407408 0.0609375 0.09537037037037037
0 0.3453125 0.9537037037037037 0.05 0.07685185185185185
0 0.3763020833333333 0.9236111111111112 0.0484375 0.09907407407407408
0 0.365625 0.8462962962962963 0.040625 0.08425925925925926
0 0.41302083333333334 0.16712962962962963 0.049479166666666664 0.075
0 0.4231770833333333 0.2462962962962963 0.06145833333333333 0.11203703703703703
0 0.37916666666666665 0.3925925925925926 0.04635416666666667 0.09166666666666666
0 0.37786458333333334 0.2949074074074074 0.04739583333333333 0.09351851851851851
0 0.409375 0.3638888888888889 0.04010416666666667 0.10185185185185185
0 0.3802083333333333 0.19537037037037036 0.04010416666666667 0.08148148148148149
0 0.41770833333333335 0.049074074074074076 0.04791666666666667 0.09814814814814815
0 0.3919270833333333 0.10046296296296296 0.04114583333333333 0.0787037037037037
0 0.359375 0.4356481481481482 0.05 0.10092592592592593
0 0.36692708333333335 0.5236111111111111 0.04739583333333333 0.09537037037037037
0 0.3809895833333333 0.6819444444444445 0.06145833333333333 0.06481481481481481
0 0.3690104166666667 0.6060185185185185 0.04791666666666667 0.10092592592592593
0 0.4078125 0.7462962962962963 0.06145833333333333 0.06851851851851852
0 0.41171875 0.8194444444444444 0.05520833333333333 0.11574074074074074
0 0.3533854166666667 0.049074074074074076 0.06875 0.0824074074074074
0 0.3497395833333333 0.1449074074074074 0.0609375 0.08333333333333333