0 0.6369791666666667 0.24675925925925926 0.078125 0.1685185185185185
0 0.5544270833333333 0.24583333333333332 0.08489583333333334 0.20277777777777778
0 0.5744791666666667 0.4064814814814815 0.1046875 0.19907407407407407
0 0.878125 0.44814814814814813 0.08385416666666666 0.14351851851851852
0 0.6354166666666666 0.1111111111111111 0.10729166666666666 0.12685185185185185
0 0.76328125 0.3861111111111111 0.10260416666666666 0.18518518518518517
0 0.44036458333333334 0.44351851851851853 0.09583333333333334 0.22037037037037038
0 0.7356770833333334 0.23148148148148148 0.12708333333333333 0.17407407407407408
0 0.27317708333333335 0.524074074074074 0.075 0.2
0 0.3546875 0.3768518518518518 0.10208333333333333 0.22777777777777777
0 0.39791666666666664 0.5953703703703703 0.0921875 0.1574074074074074
0 0.2140625 0.7888888888888889 0.051041666666666666 0.09351851851851851
0 0.20755208333333333 0.6337962962962963 0.08020833333333334 0.18055555555555555
0 0.7763020833333333 0.2212962962962963 0.04583333333333333 0.09907407407407408
0 0.6666666666666666 0.33287037037037037 0.11458333333333333 0.1638888888888889
0 0.05364583333333333 0.5814814814814815 0.0953125 0.18703703703703703
0 0.27708333333333335 0.8027777777777778 0.05572916666666667 0.12314814814814815
0 0.94765625 0.4166666666666667 0.08385416666666666 0.14351851851851852
0 0.15885416666666666 0.8152777777777778 0.044270833333333336 0.06851851851851852
0 0.8661458333333333 0.5393518518518519 0.06979166666666667 0.10740740740740741
0 0.6911458333333333 0.44027777777777777 0.10104166666666667 0.17777777777777778
0 0.6270833333333333 0.7143518518518519 0.065625 0.1111111111111111
0 0.17552083333333332 0.7537037037037037 0.05520833333333333 0.0962962962962963
0 0.6830729166666667 0.6069444444444444 0.10260416666666666 0.175
0 0.23125 0.8268518518518518 0.04635416666666667 0.0787037037037037
0 0.5536458333333333 0.5287037037037037 0.11145833333333334 0.2638888888888889
0 0.14973958333333334 0.6967592592592593 0.06458333333333334 0.13333333333333333
0 0.46588541666666666 0.6513888888888889 0.043229166666666666 0.14351851851851852
0 0.09583333333333334 0.5907407407407408 0.065625 0.17962962962962964
0 0.9466145833333334 0.49583333333333335 0.06354166666666666 0.08888888888888889
0 0.0296875 0.6828703703703703 0.044270833333333336 0.0824074074074074
0 0.09895833333333333 0.7523148148148148 0.06197916666666667 0.11388888888888889
0 0.042708333333333334 0.7523148148148148 0.04739583333333333 0.09074074074074075
0 0.4296875 0.7509259259259259 0.051041666666666666 0.08611111111111111
0 0.13619791666666667 0.625462962962963 0.08385416666666666 0.17685185185185184
0 0.59921875 0.6486111111111111 0.0625 0.1
0 0.9716145833333333 0.2865740740740741 0.050520833333333334 0.10555555555555556
0 0.43385416666666665 0.8319444444444445 0.04895833333333333 0.1037037037037037
0 0.3458333333333333 0.6944444444444444 0.06510416666666667 0.14907407407407408
0 0.9776041666666667 0.6023148148148149 0.04479166666666667 0.11388888888888889
0 0.9065104166666667 0.5537037037037037 0.05677083333333333 0.09259259259259259
0 0.9630208333333333 0.5347222222222222 0.058854166666666666 0.09166666666666666
0 0.15520833333333334 0.887962962962963 0.0375 0.06296296296296296
0 0.52421875 0.6722222222222223 0.0546875 0.11018518518518519
0 0.7606770833333333 0.562962962962963 0.08854166666666667 0.12314814814814815
0 0.5848958333333333 0.7708333333333334 0.06979166666666667 0.13703703703703704
0 0.9328125 0.6347222222222222 0.05364583333333333 0.0824074074074074
0 0.0890625 0.85 0.0484375 0.07962962962962963
0 0.69453125 0.11944444444444445 0.08125 0.11203703703703703
0 0.48776041666666664 0.7902777777777777 0.052083333333333336 0.10092592592592593
0 0.940625 0.25 0.109375 0.18703703703703703
0 0.63515625 0.4527777777777778 0.07604166666666666 0.2064814814814815
0 0.75625 0.7134259259259259 0.071875 0.12037037037037036
0 0.3143229166666667 0.7208333333333333 0.06875 0.15
0 0.2125 0.8787037037037037 0.0484375 0.0712962962962963
0 0.21979166666666666 0.7143518518518519 0.052083333333333336 0.0787037037037037
0 0.30182291666666666 0.8689814814814815 0.04739583333333333 0.0787037037037037
0 0.18489583333333334 0.9268518518518518 0.052083333333333336 0.10462962962962963
0 0.5020833333333333 0.7273148148148149 0.04895833333333333 0.10925925925925926
0 0.703125 0.6958333333333333 0.06197916666666667 0.07962962962962963
0 0.6408854166666667 0.8032407407407407 0.05677083333333333 0.09074074074074075
0 0.5921875 0.8337962962962963 0.05260416666666667 0.07314814814814814
0 0.7028645833333333 0.7787037037037037 0.07135416666666666 0.08703703703703704
0 0.87265625 0.6888888888888889 0.058854166666666666 0.06851851851851852
0 0.19140625 0.8305555555555556 0.042708333333333334 0.06018518518518518
0 0.45651041666666664 0.875 0.0421875 0.075
0 0.2721354166666667 0.8703703703703703 0.0625 0.08148148148148149
0 0.23151041666666666 0.9393518518518519 0.057291666666666664 0.09537037037037037
0 0.5361979166666667 0.8055555555555556 0.051041666666666666 0.12129629629629629
0 0.06614583333333333 0.8185185185185185 0.03854166666666667 0.07962962962962963
0 0.803125 0.5532407407407407 0.04791666666666667 0.10648148148148148
0 0.75546875 0.6333333333333333 0.0640625 0.08981481481481482
0 0.12526041666666668 0.9291666666666667 0.059375 0.09814814814814815
0 0.023177083333333334 0.850462962962963 0.034895833333333334 0.09259259259259259
0 0.02578125 0.7791666666666667 0.043229166666666666 0.10185185185185185
0 0.91171875 0.4777777777777778 0.05677083333333333 0.1175925925925926
0 0.3302083333333333 0.8393518518518519 0.050520833333333334 0.11481481481481481
0 0.06354166666666666 0.9060185185185186 0.04635416666666667 0.10462962962962963
0 0.953125 0.5787037037037037 0.05572916666666667 0.08518518518518518
0 0.8390625 0.5375 0.057291666666666664 0.15833333333333333
0 0.9002604166666667 0.6407407407407407 0.03333333333333333 0.05