0 0.5700520833333333 0.5324074074074074 0.153125 0.30462962962962964
0 0.4674479166666667 0.5444444444444444 0.13854166666666667 0.3055555555555556
0 0.36171875 0.6439814814814815 0.171875 0.32592592592592595
0 0.20442708333333334 0.6902777777777778 0.1296875 0.2601851851851852
0 0.6677083333333333 0.637962962962963 0.15885416666666666 0.25555555555555554
0 0.8231770833333333 0.40555555555555556 0.14427083333333332 0.23425925925925925
0 0.54765625 0.799537037037037 0.175 0.33425925925925926
0 0.45260416666666664 0.775 0.16614583333333333 0.30648148148148147
0 0.3765625 0.33611111111111114 0.125 0.21388888888888888
0 0.14036458333333332 0.8856481481481482 0.1640625 0.22870370370370371
0 0.37890625 0.4949074074074074 0.128125 0.25925925925925924
0 0.5486979166666667 0.34675925925925927 0.17447916666666666 0.3
0 0.08697916666666666 0.5782407407407407 0.10729166666666666 0.2064814814814815
0 0.18151041666666667 0.5476851851851852 0.103125 0.18055555555555555
0 0.05677083333333333 0.6976851851851852 0.10625 0.2074074074074074
0 0.8744791666666667 0.5337962962962963 0.1265625 0.2111111111111111
0 0.23203125 0.8726851851851852 0.12135416666666667 0.25462962962962965
0 0.45989583333333334 0.35 0.1 0.17314814814814813
0 0.74375 0.4513888888888889 0.11302083333333333 0.1824074074074074
0 0.8033854166666666 0.6129629629629629 0.11875 0.19907407407407407
0 0.27838541666666666 0.5939814814814814 0.10833333333333334 0.24814814814814815
0 0.11979166666666667 0.7416666666666667 0.1171875 0.19814814814814816
0 0.33567708333333335 0.2587962962962963 0.11510416666666666 0.1787037037037037
0 0.6877604166666667 0.8212962962962963 0.1734375 0.26851851851851855
0 0.9119791666666667 0.37916666666666665 0.10260416666666666 0.19814814814814816
0 0.7763020833333333 0.7555555555555555 0.1203125 0.21666666666666667
0 0.45677083333333335 0.2662037037037037 0.10625 0.1648148148148148
0 0.8776041666666666 0.13240740740740742 0.07916666666666666 0.13055555555555556
0 0.41796875 0.20277777777777778 0.09427083333333333 0.1361111111111111
0 0.19583333333333333 0.4009259259259259 0.07916666666666666 0.1398148148148148
0 0.28958333333333336 0.3453703703703704 0.08125 0.14166666666666666
0 0.5231770833333333 0.2222222222222222 0.0890625 0.14907407407407408
0 0.796875 0.13657407407407407 0.09479166666666666 0.1398148148148148
0 0.8276041666666667 0.08009259259259259 0.0671875 0.09722222222222222
0 0.28802083333333334 0.48657407407407405 0.08229166666666667 0.1574074074074074
0 0.13489583333333333 0.3925925925925926 0.09635416666666667 0.125
0 0.50859375 0.14814814814814814 0.0984375 0.14537037037037037
0 0.08802083333333334 0.9287037037037037 0.096875 0.1425925925925926
0 0.5809895833333333 0.0912037037037037 0.0734375 0.1824074074074074
0 0.06744791666666666 0.8041666666666667 0.0953125 0.17592592592592593
0 0.6966145833333334 0.5236111111111111 0.10729166666666666 0.15833333333333333
0 0.8197916666666667 0.20879629629629629 0.10572916666666667 0.16666666666666666
0 0.6942708333333333 0.21388888888888888 0.0765625 0.14166666666666666
0 0.7815104166666667 0.537962962962963 0.109375 0.15
0 0.7559895833333333 0.18611111111111112 0.0765625 0.1287037037037037
0 0.8598958333333333 0.03657407407407407 0.051041666666666666 0.07314814814814814
0 0.04114583333333333 0.5402777777777777 0.08229166666666667 0.14537037037037037
0 0.05 0.475462962962963 0.1 0.15833333333333333
0 0.5424479166666667 0.06712962962962964 0.06875 0.13333333333333333
0 0.34921875 0.1726851851851852 0.06302083333333333 0.08981481481481482
0 0.4901041666666667 0.1111111111111111 0.05677083333333333 0.0824074074074074
0 0.41119791666666666 0.13703703703703704 0.06666666666666667 0.10185185185185185