0 0.32526041666666666 0.6606481481481481 0.1359375 0.1824074074074074
0 0.4713541666666667 0.0875 0.08489583333333334 0.1648148148148148
0 0.39296875 0.36435185185185187 0.15677083333333333 0.24259259259259258
0 0.3653645833333333 0.5550925925925926 0.13125 0.20555555555555555
0 0.32526041666666666 0.8546296296296296 0.140625 0.25
0 0.41171875 0.924537037037037 0.09739583333333333 0.15092592592592594
0 0.29791666666666666 0.9597222222222223 0.10208333333333333 0.08055555555555556
0 0.4359375 0.9902777777777778 0.1 0.019444444444444445
0 0.41875 0.7537037037037037 0.0859375 0.2
0 0.44505208333333335 0.5601851851851852 0.121875 0.21481481481481482
0 0.51328125 0.5222222222222223 0.06666666666666667 0.15185185185185185
0 0.47994791666666664 0.38981481481481484 0.04375 0.11851851851851852
0 0.559375 0.6069444444444444 0.06875 0.1388888888888889
0 0.5484375 0.45185185185185184 0.0640625 0.14722222222222223
0 0.5020833333333333 0.16296296296296298 0.0875 0.17314814814814813
0 0.47994791666666664 0.9050925925925926 0.06614583333333333 0.1175925925925926
0 0.51328125 0.7726851851851851 0.12291666666666666 0.18425925925925926
0 0.5390625 0.8944444444444445 0.07395833333333333 0.1175925925925926
0 0.5322916666666667 0.32037037037037036 0.0734375 0.12685185185185185
0 0.5861979166666667 0.36898148148148147 0.051041666666666666 0.1361111111111111
0 0.5848958333333333 0.4842592592592593 0.05677083333333333 0.10277777777777777
0 0.52109375 0.975462962962963 0.059895833333333336 0.049074074074074076
0 0.575 0.9638888888888889 0.05572916666666667 0.05740740740740741
0 0.5841145833333333 0.8472222222222222 0.04583333333333333 0.09722222222222222
0 0.53515625 0.047685185185185185 0.06510416666666667 0.09537037037037037
0 0.6119791666666666 0.025 0.053125 0.05
0 0.5846354166666666 0.05 0.05260416666666667 0.1
0 0.60234375 0.12037037037037036 0.044270833333333336 0.08888888888888889
0 0.6151041666666667 0.8046296296296296 0.05260416666666667 0.0824074074074074
0 0.5981770833333333 0.7291666666666666 0.06614583333333333 0.12037037037037036
0 0.62890625 0.5726851851851852 0.050520833333333334 0.09814814814814815
0 0.6385416666666667 0.6685185185185185 0.0515625 0.1
0 0.6015625 0.6092592592592593 0.04479166666666667 0.10740740740740741
0 0.6453125 0.7675925925925926 0.04375 0.08611111111111111
0 0.62109375 0.925 0.05260416666666667 0.11296296296296296
0 0.6419270833333334 0.8643518518518518 0.044270833333333336 0.08425925925925926
0 0.6447916666666667 0.524537037037037 0.05416666666666667 0.10740740740740741
0 0.6294270833333333 0.4393518518518518 0.052083333333333336 0.10185185185185185
0 0.6015625 0.28703703703703703 0.0640625 0.07407407407407407
0 0.6200520833333333 0.3592592592592593 0.052083333333333336 0.10740740740740741
0 0.5692708333333333 0.2310185185185185 0.06458333333333334 0.07777777777777778
0 0.5591145833333333 0.16018518518518518 0.06041666666666667 0.12407407407407407
0 0.6846354166666667 0.9046296296296297 0.071875 0.09259259259259259
0 0.6794270833333333 0.8087962962962963 0.06458333333333334 0.09166666666666666