0 0.23359375 0.8569444444444444 0.10520833333333333 0.175
0 0.3421875 0.8361111111111111 0.13125 0.20925925925925926
0 0.19791666666666666 0.5893518518518519 0.14375 0.24351851851851852
0 0.4401041666666667 0.4393518518518518 0.08541666666666667 0.1685185185185185
0 0.11432291666666666 0.8226851851851852 0.09322916666666667 0.1675925925925926
0 0.70078125 0.7699074074074074 0.11822916666666666 0.17314814814814813
0 0.24375 0.4300925925925926 0.0953125 0.13148148148148148
0 0.63515625 0.5625 0.10208333333333333 0.2037037037037037
0 0.4049479166666667 0.6625 0.09791666666666667 0.23425925925925925
0 0.036458333333333336 0.7425925925925926 0.07291666666666667 0.15925925925925927
0 0.946875 0.9148148148148149 0.0671875 0.13703703703703704
0 0.32135416666666666 0.6166666666666667 0.15520833333333334 0.28425925925925927
0 0.3455729166666667 0.42453703703703705 0.11666666666666667 0.17962962962962964
0 0.28489583333333335 0.9407407407407408 0.09375 0.0787037037037037
0 0.57265625 0.35648148148148145 0.0703125 0.11388888888888889
0 0.7544270833333333 0.8564814814814815 0.14166666666666666 0.23796296296296296
0 0.5609375 0.48564814814814816 0.09166666666666666 0.22407407407407406
0 0.15442708333333333 0.34953703703703703 0.09427083333333333 0.15
0 0.06692708333333333 0.5680555555555555 0.13385416666666666 0.2490740740740741
0 0.13723958333333333 0.4842592592592593 0.1109375 0.18611111111111112
0 0.3611979166666667 0.29907407407407405 0.08854166666666667 0.14722222222222223
0 0.4505208333333333 0.31203703703703706 0.10989583333333333 0.1648148148148148
0 0.7533854166666667 0.44166666666666665 0.09010416666666667 0.1388888888888889
0 0.9216145833333333 0.7458333333333333 0.09114583333333333 0.12129629629629629
0 0.8192708333333333 0.5083333333333333 0.09270833333333334 0.15092592592592594
0 0.9078125 0.9513888888888888 0.08541666666666667 0.09722222222222222
0 0.3223958333333333 0.20185185185185187 0.08854166666666667 0.15185185185185185
0 0.82265625 0.6703703703703704 0.11510416666666666 0.2
0 0.04479166666666667 0.27175925925925926 0.07552083333333333 0.16574074074074074
0 0.08333333333333333 0.2152777777777778 0.06979166666666667 0.14074074074074075
0 0.8635416666666667 0.3287037037037037 0.078125 0.15092592592592594
0 0.26536458333333335 0.29305555555555557 0.11822916666666666 0.19444444444444445
0 0.28515625 0.14166666666666666 0.0796875 0.12962962962962962
0 0.23828125 0.2222222222222222 0.0953125 0.15648148148148147
0 0.048177083333333336 0.38981481481481484 0.09635416666666667 0.2222222222222222
0 0.8221354166666667 0.9458333333333333 0.13385416666666666 0.10833333333333334
0 0.8630208333333333 0.8402777777777778 0.1171875 0.19074074074074074
0 0.7369791666666666 0.5888888888888889 0.1296875 0.24444444444444444
0 0.28932291666666665 0.08194444444444444 0.0875 0.08796296296296297
0 0.7705729166666667 0.36203703703703705 0.08385416666666666 0.1259259259259259
0 0.68203125 0.3365740740740741 0.09114583333333333 0.1398148148148148
0 0.965625 0.7800925925925926 0.05364583333333333 0.13055555555555556
0 0.6611979166666667 0.46805555555555556 0.109375 0.19166666666666668
0 0.15338541666666666 0.26296296296296295 0.08958333333333333 0.12777777777777777
0 0.72109375 0.2564814814814815 0.08385416666666666 0.11296296296296296
0 0.5692708333333333 0.25787037037037036 0.059375 0.12222222222222222
0 0.8122395833333333 0.4287037037037037 0.071875 0.125
0 0.0734375 0.14351851851851852 0.07239583333333334 0.11018518518518519
0 0.6317708333333333 0.22453703703703703 0.09895833333333333 0.15555555555555556
0 0.40651041666666665 0.11018518518518519 0.07447916666666667 0.09907407407407408
0 0.46041666666666664 0.18472222222222223 0.07447916666666667 0.11388888888888889
0 0.8 0.300462962962963 0.07083333333333333 0.11203703703703703
0 0.915625 0.46111111111111114 0.07864583333333333 0.10925925925925926
0 0.17942708333333332 0.08657407407407407 0.06041666666666667 0.0962962962962963
0 0.14244791666666667 0.09583333333333334 0.06875 0.12222222222222222
0 0.9067708333333333 0.387037037037037 0.08020833333333334 0.10925925925925926
0 0.7739583333333333 0.2513888888888889 0.05 0.0787037037037037
0 0.8200520833333333 0.25092592592592594 0.05364583333333333 0.09444444444444444
0 0.23567708333333334 0.05 0.08072916666666667 0.07685185185185185
0 0.084375 0.07314814814814814 0.06197916666666667 0.07592592592592592
0 0.9760416666666667 0.5819444444444445 0.04791666666666667 0.1824074074074074
0 0.7057291666666666 0.19398148148148148 0.0625 0.09444444444444444