0 0.3653645833333333 0.6597222222222222 0.07447916666666667 0.15
0 0.19322916666666667 0.7356481481481482 0.09270833333333334 0.1439814814814815
0 0.2794270833333333 0.7175925925925926 0.09036458333333333 0.16342592592592592
0 0.12760416666666666 0.7481481481481481 0.06354166666666666 0.13518518518518519
0 0.6338541666666667 0.5731481481481482 0.09973958333333334 0.2162037037037037
0 0.3223958333333333 0.5916666666666667 0.09088541666666666 0.15092592592592594
0 0.03229166666666667 0.5101851851851852 0.0578125 0.1287037037037037
0 0.56875 0.37222222222222223 0.08255208333333333 0.12777777777777777
0 0.17473958333333334 0.5893518518518519 0.07239583333333334 0.125
0 0.029166666666666667 0.7976851851851852 0.058333333333333334 0.12314814814814815
0 0.6265625 0.7620370370370371 0.08229166666666667 0.14907407407407408
0 0.41901041666666666 0.4305555555555556 0.08723958333333333 0.14027777777777778
0 0.24036458333333333 0.5944444444444444 0.1015625 0.14537037037037037
0 0.05572916666666667 0.6587962962962963 0.07421875 0.14583333333333334
0 0.8286458333333333 0.7930555555555555 0.08255208333333333 0.18518518518518517
0 0.7578125 0.7712962962962963 0.11171875 0.18425925925925926
0 0.34348958333333335 0.34074074074074073 0.06927083333333334 0.09212962962962963
0 0.2609375 0.3888888888888889 0.07473958333333333 0.1597222222222222
0 0.6997395833333333 0.6763888888888889 0.06927083333333334 0.1638888888888889
0 0.06588541666666667 0.8074074074074075 0.0453125 0.09768518518518518
0 0.0953125 0.8087962962962963 0.06484375 0.14074074074074075
0 0.72421875 0.38333333333333336 0.08541666666666667 0.15324074074074073
0 0.3489583333333333 0.449537037037037 0.0875 0.16157407407407406
0 0.79296875 0.6171296296296296 0.12552083333333333 0.1763888888888889
0 0.43020833333333336 0.3365740740740741 0.08229166666666667 0.12453703703703704
0 0.6450520833333333 0.36064814814814816 0.07473958333333333 0.16574074074074074
0 0.3078125 0.2828703703703704 0.065625 0.10555555555555556
0 0.665625 0.8958333333333334 0.075 0.1259259259259259
0 0.73671875 0.8967592592592593 0.09479166666666666 0.11435185185185186
0 0.9708333333333333 0.4263888888888889 0.0484375 0.10046296296296296
0 0.18151041666666667 0.23796296296296296 0.045572916666666664 0.09351851851851851
0 0.9458333333333333 0.5087962962962963 0.07708333333333334 0.1259259259259259
0 0.9091145833333333 0.6467592592592593 0.09114583333333333 0.18009259259259258
0 0.9755208333333333 0.6106481481481482 0.04895833333333333 0.15462962962962962
0 0.8109375 0.48842592592592593 0.10494791666666667 0.16296296296296298
0 0.9247395833333333 0.4101851851851852 0.05260416666666667 0.10138888888888889
0 0.10677083333333333 0.24953703703703703 0.05286458333333333 0.07361111111111111
0 0.83046875 0.3851851851851852 0.075 0.09351851851851851
0 0.74375 0.5425925925925926 0.08932291666666667 0.18333333333333332
0 0.7203125 0.27546296296296297 0.06458333333333334 0.09814814814814815
0 0.18229166666666666 0.41805555555555557 0.08828125 0.24675925925925926
0 0.12291666666666666 0.31712962962962965 0.06640625 0.09814814814814815
0 0.9731770833333333 0.3425925925925926 0.04973958333333333 0.10740740740740741
0 0.09609375 0.44351851851851853 0.096875 0.21388888888888888
0 0.16666666666666666 0.2777777777777778 0.04609375 0.06527777777777778
0 0.23515625 0.24675925925925926 0.06302083333333333 0.09027777777777778
0 0.94921875 0.7412037037037037 0.09505208333333333 0.1986111111111111
0 0.23776041666666667 0.30324074074074076 0.07421875 0.12314814814814815
0 0.5536458333333333 0.29074074074074074 0.065625 0.09305555555555556
0 0.8822916666666667 0.5037037037037037 0.07161458333333333 0.22870370370370371
0 0.3763020833333333 0.2967592592592593 0.061197916666666664 0.0962962962962963
0 0.27317708333333335 0.19490740740740742 0.059375 0.12037037037037036
0 0.13984375 0.2462962962962963 0.047135416666666666 0.07268518518518519
0 0.07005208333333333 0.33055555555555555 0.06796875 0.10972222222222222
0 0.5127604166666667 0.37962962962962965 0.078125 0.17314814814814813
0 0.9502604166666667 0.3814814814814815 0.05520833333333333 0.09907407407407408
0 0.38385416666666666 0.17916666666666667 0.06145833333333333 0.10138888888888889
0 0.025 0.3074074074074074 0.042708333333333334 0.08981481481481482
0 0.8223958333333333 0.2814814814814815 0.059375 0.0962962962962963
0 0.15052083333333333 0.20324074074074075 0.04114583333333333 0.06111111111111111
0 0.6216145833333333 0.287962962962963 0.07109375 0.12037037037037036
0 0.9677083333333333 0.27175925925925926 0.062239583333333334 0.08518518518518518
0 0.7544270833333333 0.2324074074074074 0.05625 0.09907407407407408
0 0.61484375 0.16157407407407406 0.05260416666666667 0.06666666666666667
0 0.9197916666666667 0.3421296296296296 0.0671875 0.10601851851851851
0 0.8705729166666667 0.26481481481481484 0.06302083333333333 0.11990740740740741
0 0.7177083333333333 0.17037037037037037 0.04895833333333333 0.07361111111111111
0 0.42265625 0.22037037037037038 0.057291666666666664 0.08009259259259259
0 0.3338541666666667 0.18981481481481483 0.04791666666666667 0.08981481481481482
0 0.19270833333333334 0.19722222222222222 0.040364583333333336 0.08101851851851852
0 0.5580729166666667 0.20601851851851852 0.06536458333333334 0.13333333333333333
0 0.23125 0.2 0.040625 0.059722222222222225
0 0.6265625 0.21898148148148147 0.07838541666666667 0.11203703703703703
0 0.6786458333333333 0.23148148148148148 0.061197916666666664 0.1087962962962963
0 0.01484375 0.27824074074074073 0.029166666666666667 0.06759259259259259
0 0.8236979166666667 0.2175925925925926 0.057291666666666664 0.1087962962962963
0 0.7796875 0.31527777777777777 0.04609375 0.08796296296296297
0 0.6651041666666667 0.16435185185185186 0.046614583333333334 0.062037037037037036
0 0.29244791666666664 0.16574074074074074 0.050520833333333334 0.08611111111111111
0 0.9239583333333333 0.2625 0.045572916666666664 0.07592592592592592
0 0.9815104166666667 0.22407407407407406 0.03671875 0.06388888888888888