0 0.5875 0.8134259259259259 0.1 0.2388888888888889
0 0.13984375 0.8958333333333334 0.1671875 0.20833333333333334
0 0.15442708333333333 0.7462962962962963 0.08229166666666667 0.13148148148148148
0 0.2674479166666667 0.5439814814814815 0.09166666666666666 0.14814814814814814
0 0.421875 0.687962962962963 0.13385416666666666 0.2759259259259259
0 0.5286458333333334 0.7402777777777778 0.11354166666666667 0.23055555555555557
0 0.6966145833333334 0.8166666666666667 0.13854166666666667 0.2462962962962963
0 0.7408854166666666 0.6638888888888889 0.090625 0.17037037037037037
0 0.7817708333333333 0.8652777777777778 0.096875 0.18425925925925926
0 0.8588541666666667 0.7481481481481481 0.08802083333333334 0.17314814814814813
0 0.8109375 0.6171296296296296 0.08072916666666667 0.18796296296296297
0 0.64140625 0.6486111111111111 0.11145833333333334 0.15
0 0.5328125 0.5986111111111111 0.11927083333333334 0.21388888888888888
0 0.1609375 0.6365740740740741 0.10416666666666667 0.2351851851851852
0 0.5127604166666667 0.47685185185185186 0.08489583333333334 0.11574074074074074
0 0.4375 0.5333333333333333 0.06614583333333333 0.07592592592592592
0 0.5611979166666666 0.3962962962962963 0.07708333333333334 0.12037037037037036
0 0.47369791666666666 0.4134259259259259 0.08177083333333333 0.11203703703703703
0 0.3104166666666667 0.49027777777777776 0.09635416666666667 0.1527777777777778
0 0.72734375 0.5425925925925926 0.06510416666666667 0.11574074074074074
0 0.6536458333333334 0.4810185185185185 0.10208333333333333 0.21574074074074073
0 0.72265625 0.4375 0.06510416666666667 0.12962962962962962
0 0.39947916666666666 0.4398148148148148 0.0703125 0.1287037037037037
0 0.4276041666666667 0.34444444444444444 0.07604166666666666 0.08888888888888889
0 0.49270833333333336 0.3486111111111111 0.057291666666666664 0.1
0 0.07473958333333333 0.6189814814814815 0.07760416666666667 0.14537037037037037
0 0.0546875 0.9032407407407408 0.07708333333333334 0.1935185185185185
0 0.11666666666666667 0.4925925925925926 0.0703125 0.10092592592592593
0 0.7875 0.4666666666666667 0.06510416666666667 0.11203703703703703
0 0.828125 0.43333333333333335 0.04583333333333333 0.08333333333333333
0 0.7739583333333333 0.3726851851851852 0.0546875 0.10277777777777777
0 0.696875 0.35648148148148145 0.05416666666666667 0.08055555555555556
0 0.045572916666666664 0.412962962962963 0.065625 0.09074074074074075
0 0.184375 0.5263888888888889 0.0578125 0.1111111111111111
0 0.059375 0.75 0.10104166666666667 0.1648148148148148
0 0.24427083333333333 0.42916666666666664 0.05677083333333333 0.11481481481481481
0 0.22161458333333334 0.29212962962962963 0.05416666666666667 0.09444444444444444
0 0.246875 0.34120370370370373 0.058854166666666666 0.09166666666666666
0 0.28828125 0.31157407407407406 0.049479166666666664 0.07777777777777778
0 0.8515625 0.5425925925925926 0.09322916666666667 0.16944444444444445
0 0.6734375 0.300462962962963 0.0453125 0.09259259259259259
0 0.63046875 0.3296296296296296 0.06666666666666667 0.11666666666666667
0 0.54296875 0.2722222222222222 0.05416666666666667 0.08888888888888889
0 0.5971354166666667 0.2564814814814815 0.05572916666666667 0.09074074074074075
0 0.56328125 0.3212962962962963 0.059895833333333336 0.07777777777777778
0 0.653125 0.24675925925925926 0.04791666666666667 0.07592592592592592
0 0.8934895833333333 0.5055555555555555 0.07291666666666667 0.15555555555555556
0 0.92421875 0.45092592592592595 0.05520833333333333 0.13425925925925927
0 0.8669270833333333 0.38564814814814813 0.0640625 0.1
0 0.7419270833333333 0.2916666666666667 0.0640625 0.09166666666666666
0 0.7075520833333333 0.25416666666666665 0.04635416666666667 0.07777777777777778
0 0.5161458333333333 0.24305555555555555 0.059895833333333336 0.09537037037037037
0 0.46822916666666664 0.2689814814814815 0.05677083333333333 0.09074074074074075
0 0.38203125 0.31574074074074077 0.040625 0.11296296296296296
0 0.42291666666666666 0.28379629629629627 0.059895833333333336 0.09166666666666666
0 0.35 0.37222222222222223 0.042708333333333334 0.11388888888888889
0 0.3098958333333333 0.3888888888888889 0.06875 0.10555555555555556
0 0.8765625 0.31342592592592594 0.05 0.10185185185185185
0 0.9153645833333334 0.38796296296296295 0.04010416666666667 0.075
0 0.7307291666666667 0.17916666666666667 0.051041666666666666 0.12685185185185185
0 0.6768229166666667 0.18611111111111112 0.050520833333333334 0.11296296296296296