0 0.26171875 0.7805555555555556 0.10833333333333334 0.24305555555555555
0 0.15338541666666666 0.7134259259259259 0.08177083333333333 0.14074074074074075
0 0.50234375 0.5578703703703703 0.06692708333333333 0.1259259259259259
0 0.6205729166666667 0.49722222222222223 0.050520833333333334 0.08703703703703704
0 0.6755208333333333 0.6759259259259259 0.05625 0.10092592592592593
0 0.2828125 0.6032407407407407 0.06692708333333333 0.10601851851851851
0 0.1359375 0.5856481481481481 0.09036458333333333 0.10231481481481482
0 0.3375 0.375 0.05234375 0.1537037037037037
0 0.8145833333333333 0.8305555555555556 0.0796875 0.15416666666666667
0 0.19244791666666666 0.4689814814814815 0.07838541666666667 0.11527777777777778
0 0.09088541666666666 0.9013888888888889 0.1640625 0.19722222222222222
0 0.04479166666666667 0.7532407407407408 0.08958333333333333 0.1625
0 0.026041666666666668 0.5731481481481482 0.052083333333333336 0.13148148148148148
0 0.2872395833333333 0.4861111111111111 0.08932291666666667 0.15185185185185185
0 0.3921875 0.44074074074074077 0.07916666666666666 0.2013888888888889
0 0.5330729166666667 0.4875 0.058854166666666666 0.10138888888888889
0 0.6010416666666667 0.43425925925925923 0.062239583333333334 0.10601851851851851
0 0.6455729166666667 0.3861111111111111 0.0546875 0.11342592592592593
0 0.7098958333333333 0.600925925925926 0.06848958333333334 0.12453703703703704
0 0.61484375 0.6472222222222223 0.08958333333333333 0.17037037037037037
0 0.7567708333333333 0.7351851851851852 0.08932291666666667 0.14444444444444443
0 0.86796875 0.7231481481481481 0.0796875 0.12361111111111112
0 0.79296875 0.6189814814814815 0.05911458333333333 0.11898148148148148
0 0.84609375 0.5810185185185185 0.05546875 0.10972222222222222
0 0.058333333333333334 0.4564814814814815 0.07317708333333334 0.10092592592592593
0 0.05286458333333333 0.3537037037037037 0.052083333333333336 0.08287037037037037
0 0.23046875 0.375 0.053125 0.07777777777777778
0 0.31223958333333335 0.20694444444444443 0.04140625 0.07222222222222222
0 0.41484375 0.31851851851851853 0.054427083333333334 0.1
0 0.35130208333333335 0.27314814814814814 0.04791666666666667 0.08333333333333333
0 0.28020833333333334 0.2791666666666667 0.042708333333333334 0.09814814814814815
0 0.29583333333333334 0.39675925925925926 0.046875 0.08518518518518518
0 0.2109375 0.25555555555555554 0.03802083333333333 0.08564814814814815
0 0.15598958333333332 0.23703703703703705 0.0453125 0.08796296296296297
0 0.13567708333333334 0.29074074074074074 0.07057291666666667 0.08935185185185185
0 0.49583333333333335 0.38425925925925924 0.07526041666666666 0.11018518518518519
0 0.5658854166666667 0.3800925925925926 0.06770833333333333 0.10694444444444444
0 0.5721354166666667 0.3101851851851852 0.04765625 0.06759259259259259
0 0.5119791666666667 0.30787037037037035 0.06744791666666666 0.07824074074074074
0 0.6953125 0.3263888888888889 0.05286458333333333 0.09490740740740741
0 0.7205729166666667 0.4564814814814815 0.06614583333333333 0.1537037037037037
0 0.775 0.5370370370370371 0.062239583333333334 0.1037037037037037
0 0.8283854166666667 0.47453703703703703 0.049479166666666664 0.08981481481481482
0 0.7723958333333333 0.43703703703703706 0.04791666666666667 0.0962962962962963
0 0.8890625 0.425462962962963 0.044270833333333336 0.08611111111111111
0 0.8140625 0.3921296296296296 0.04453125 0.0837962962962963
0 0.7911458333333333 0.31527777777777777 0.04348958333333333 0.08009259259259259
0 0.63125 0.17962962962962964 0.046875 0.10555555555555556
0 0.7388020833333333 0.22037037037037038 0.028385416666666666 0.08333333333333333
0 0.6854166666666667 0.21157407407407408 0.04791666666666667 0.09027777777777778
0 0.77734375 0.21666666666666667 0.033854166666666664 0.1
0 0.8518229166666667 0.35648148148148145 0.03723958333333333 0.08888888888888889
0 0.7299479166666667 0.31342592592592594 0.0296875 0.09490740740740741
0 0.7138020833333333 0.2671296296296296 0.040625 0.0763888888888889
0 0.6317708333333333 0.31342592592592594 0.04791666666666667 0.07083333333333333
0 0.6622395833333333 0.25833333333333336 0.04010416666666667 0.07222222222222222
0 0.6169270833333333 0.2587962962962963 0.04348958333333333 0.0625
0 0.5049479166666667 0.24861111111111112 0.03828125 0.0824074074074074
0 0.46510416666666665 0.26342592592592595 0.03567708333333333 0.07962962962962963