0 0.3450520833333333 0.41759259259259257 0.10572916666666667 0.15
0 0.37213541666666666 0.2865740740740741 0.090625 0.15555555555555556
0 0.43125 0.44027777777777777 0.1171875 0.18796296296296297
0 0.30807291666666664 0.23194444444444445 0.08541666666666667 0.2037037037037037
0 0.49453125 0.12638888888888888 0.12083333333333333 0.20462962962962963
0 0.39609375 0.6726851851851852 0.13697916666666668 0.18888888888888888
0 0.3260416666666667 0.7759259259259259 0.14635416666666667 0.2351851851851852
0 0.37942708333333336 0.9347222222222222 0.1078125 0.09814814814814815
0 0.45364583333333336 0.787962962962963 0.10208333333333333 0.18425925925925926
0 0.43203125 0.25833333333333336 0.11197916666666667 0.2222222222222222
0 0.6114583333333333 0.04490740740740741 0.06041666666666667 0.05
0 0.47578125 0.5120370370370371 0.15625 0.2324074074074074
0 0.4953125 0.2601851851851852 0.11302083333333333 0.17685185185185184
0 0.41796875 0.049074074074074076 0.05625 0.09074074074074075
0 0.48984375 0.9208333333333333 0.11510416666666666 0.15833333333333333
0 0.56875 0.3726851851851852 0.096875 0.16666666666666666
0 0.584375 0.1837962962962963 0.08177083333333333 0.1648148148148148
0 0.54296875 0.6148148148148148 0.07447916666666667 0.12129629629629629
0 0.553125 0.7912037037037037 0.05572916666666667 0.10277777777777777
0 0.6143229166666667 0.45787037037037037 0.06875 0.12037037037037036
0 0.5088541666666667 0.6930555555555555 0.10833333333333334 0.12685185185185185
0 0.47682291666666665 0.36342592592592593 0.121875 0.16111111111111112
0 0.32708333333333334 0.13935185185185187 0.07604166666666666 0.14537037037037037
0 0.5645833333333333 0.4875 0.06770833333333333 0.12685185185185185
0 0.59609375 0.8101851851851852 0.06614583333333333 0.11018518518518519
0 0.6174479166666667 0.21435185185185185 0.06666666666666667 0.1388888888888889
0 0.5580729166666667 0.9333333333333333 0.052083333333333336 0.09074074074074075
0 0.66328125 0.24722222222222223 0.0765625 0.13425925925925927
0 0.62421875 0.32314814814814813 0.059895833333333336 0.1175925925925926
0 0.59453125 0.7083333333333334 0.058333333333333334 0.10648148148148148
0 0.62109375 0.5472222222222223 0.08229166666666667 0.13148148148148148
0 0.5963541666666666 0.12129629629629629 0.075 0.12037037037037036
0 0.69453125 0.07407407407407407 0.04114583333333333 0.04351851851851852
0 0.6125 0.0625 0.08489583333333334 0.09074074074074075
0 0.6265625 0.6356481481481482 0.06354166666666666 0.10277777777777777
0 0.6794270833333333 0.3527777777777778 0.04739583333333333 0.12037037037037036
0 0.6692708333333334 0.4666666666666667 0.04479166666666667 0.09444444444444444
0 0.6630208333333333 0.5527777777777778 0.04635416666666667 0.09722222222222222
0 0.56015625 0.6773148148148148 0.08125 0.12037037037037036
0 0.5736979166666667 0.9648148148148148 0.0578125 0.07037037037037037