0 0.27239583333333334 0.0837962962962963 0.09427083333333333 0.14537037037037037
0 0.2953125 0.25601851851851853 0.11354166666666667 0.22685185185185186
0 0.4197916666666667 0.04953703703703704 0.1296875 0.09814814814814815
0 0.5278645833333333 0.3875 0.0921875 0.14629629629629629
0 0.37005208333333334 0.8833333333333333 0.09322916666666667 0.2064814814814815
0 0.5125 0.06111111111111111 0.06979166666666667 0.12222222222222222
0 0.4791666666666667 0.7453703703703703 0.11145833333333334 0.175
0 0.39895833333333336 0.3486111111111111 0.12916666666666668 0.16666666666666666
0 0.4161458333333333 0.1962962962962963 0.15520833333333334 0.2675925925925926
0 0.5260416666666666 0.21898148148148147 0.09739583333333333 0.20185185185185187
0 0.23098958333333333 0.16574074074074074 0.04114583333333333 0.1638888888888889
0 0.5880208333333333 0.6134259259259259 0.06145833333333333 0.12129629629629629
0 0.3263020833333333 0.9324074074074075 0.12760416666666666 0.13518518518518519
0 0.5143229166666666 0.6060185185185185 0.12291666666666666 0.15555555555555556
0 0.5979166666666667 0.2337962962962963 0.0796875 0.1527777777777778
0 0.6 0.3925925925925926 0.0890625 0.19074074074074074
0 0.5588541666666667 0.9314814814814815 0.075 0.13518518518518519
0 0.6481770833333333 0.1550925925925926 0.08229166666666667 0.1527777777777778
0 0.5911458333333334 0.08287037037037037 0.10520833333333333 0.16574074074074074
0 0.678125 0.08287037037037037 0.0703125 0.13703703703703704
0 0.6283854166666667 0.04490740740740741 0.08385416666666666 0.08981481481481482
0 0.4747395833333333 0.9078703703703703 0.1328125 0.18425925925925926
0 0.71171875 0.0837962962962963 0.046875 0.1537037037037037
0 0.6052083333333333 0.9430555555555555 0.06770833333333333 0.10462962962962963
0 0.6104166666666667 0.8050925925925926 0.07604166666666666 0.15833333333333333
0 0.5346354166666667 0.7819444444444444 0.1046875 0.18888888888888888
0 0.659375 0.8652777777777778 0.0609375 0.14629629629629629
0 0.6427083333333333 0.5972222222222222 0.0671875 0.10185185185185185
0 0.66796875 0.7041666666666667 0.084375 0.1712962962962963
0 0.7083333333333334 0.29398148148148145 0.05364583333333333 0.1287037037037037
0 0.6723958333333333 0.3972222222222222 0.06197916666666667 0.1287037037037037
0 0.6421875 0.9708333333333333 0.059375 0.04537037037037037
0 0.6677083333333333 0.9527777777777777 0.042708333333333334 0.07685185185185185
0 0.7244791666666667 0.02824074074074074 0.03958333333333333 0.05648148148148148
0 0.6924479166666667 0.8319444444444445 0.051041666666666666 0.10833333333333334