0 0.4796875 0.3212962962962963 0.13854166666666667 0.25555555555555554
0 0.6671875 0.29953703703703705 0.13802083333333334 0.26851851851851855
0 0.44895833333333335 0.11805555555555555 0.14270833333333333 0.2361111111111111
0 0.35911458333333335 0.10231481481481482 0.1578125 0.20462962962962963
0 0.5989583333333334 0.21435185185185185 0.13229166666666667 0.24722222222222223
0 0.7513020833333334 0.42268518518518516 0.13854166666666667 0.23703703703703705
0 0.32760416666666664 0.27361111111111114 0.15520833333333334 0.2833333333333333
0 0.7614583333333333 0.2375 0.16875 0.30185185185185187
0 0.91171875 0.4398148148148148 0.12864583333333332 0.23055555555555557
0 0.8213541666666667 0.5078703703703704 0.10677083333333333 0.18611111111111112
0 0.5958333333333333 0.6268518518518519 0.10989583333333333 0.1824074074074074
0 0.4122395833333333 0.3675925925925926 0.14322916666666666 0.27037037037037037
0 0.2296875 0.12314814814814815 0.1109375 0.20092592592592592
0 0.0640625 0.20462962962962963 0.09010416666666667 0.175
0 0.6911458333333333 0.13703703703703704 0.115625 0.16944444444444445
0 0.42890625 0.5152777777777777 0.10989583333333333 0.1824074074074074
0 0.8434895833333333 0.3472222222222222 0.1171875 0.23425925925925925
0 0.6135416666666667 0.7162037037037037 0.08645833333333333 0.12407407407407407
0 0.6927083333333334 0.5162037037037037 0.15104166666666666 0.2962962962962963
0 0.5028645833333333 0.612037037037037 0.07760416666666667 0.14166666666666666
0 0.4361979166666667 0.6319444444444444 0.09739583333333333 0.15925925925925927
0 0.24739583333333334 0.28379629629629627 0.1171875 0.22870370370370371
0 0.6916666666666667 0.7828703703703703 0.078125 0.1361111111111111
0 0.5848958333333333 0.11527777777777778 0.13333333333333333 0.2212962962962963
0 0.19348958333333333 0.462037037037037 0.08125 0.1388888888888889
0 0.06640625 0.5027777777777778 0.05625 0.11574074074074074
0 0.17395833333333333 0.412962962962963 0.06875 0.13055555555555556
0 0.7421875 0.6138888888888889 0.06770833333333333 0.1287037037037037
0 0.35703125 0.5675925925925925 0.11197916666666667 0.18333333333333332
0 0.7950520833333333 0.6601851851851852 0.10208333333333333 0.18518518518518517
0 0.18828125 0.5773148148148148 0.0890625 0.14074074074074075
0 0.28046875 0.07916666666666666 0.0796875 0.15833333333333333
0 0.22864583333333333 0.41388888888888886 0.07083333333333333 0.13240740740740742
0 0.6221354166666667 0.5208333333333334 0.13072916666666667 0.2462962962962963
0 0.6979166666666666 0.5763888888888888 0.0859375 0.14444444444444443
0 0.5721354166666667 0.7726851851851851 0.0765625 0.12685185185185185
0 0.6416666666666667 0.7703703703703704 0.08072916666666667 0.11944444444444445
0 0.27421875 0.04583333333333333 0.1234375 0.09166666666666666
0 0.27395833333333336 0.5199074074074074 0.11614583333333334 0.1925925925925926
0 0.2799479166666667 0.43703703703703706 0.08645833333333333 0.14444444444444443
0 0.03125 0.2962962962962963 0.0484375 0.12037037037037036
0 0.35703125 0.65 0.07552083333333333 0.10740740740740741
0 0.7234375 0.6925925925925925 0.0796875 0.14444444444444443
0 0.1046875 0.3537037037037037 0.0765625 0.1287037037037037
0 0.12760416666666666 0.4925925925925926 0.07760416666666667 0.12037037037037036
0 0.6643229166666667 0.6703703703703704 0.09583333333333334 0.1675925925925926
0 0.01953125 0.4361111111111111 0.0390625 0.0962962962962963
0 0.41770833333333335 0.7175925925925926 0.059375 0.09166666666666666
0 0.7731770833333333 0.7337962962962963 0.0640625 0.1037037037037037
0 0.03854166666666667 0.37175925925925923 0.07708333333333334 0.13425925925925927
0 0.696875 0.8569444444444444 0.071875 0.09907407407407408
0 0.6276041666666666 0.8291666666666667 0.08333333333333333 0.11481481481481481
0 0.11510416666666666 0.31296296296296294 0.13125 0.2518518518518518
0 0.225 0.5708333333333333 0.04791666666666667 0.08518518518518518
0 0.3684895833333333 0.7087962962962963 0.08229166666666667 0.11481481481481481
0 0.03723958333333333 0.4615740740740741 0.0453125 0.07777777777777778
0 0.4947916666666667 0.7671296296296296 0.07864583333333333 0.11574074074074074
0 0.0546875 0.44583333333333336 0.052083333333333336 0.08703703703703704
0 0.53046875 0.7138888888888889 0.06979166666666667 0.1111111111111111
0 0.08203125 0.42268518518518516 0.053125 0.09166666666666666
0 0.13072916666666667 0.4134259259259259 0.07760416666666667 0.16203703703703703
0 0.20807291666666666 0.6370370370370371 0.046875 0.06574074074074074
0 0.09244791666666667 0.4708333333333333 0.052083333333333336 0.08611111111111111
0 0.13359375 0.5509259259259259 0.06458333333333334 0.09074074074074075
0 0.10104166666666667 0.5597222222222222 0.05625 0.08518518518518518
0 0.5453125 0.8138888888888889 0.07447916666666667 0.10648148148148148