0 0.48411458333333335 0.7861111111111111 0.06770833333333333 0.16805555555555557
0 0.40651041666666665 0.7638888888888888 0.07369791666666667 0.1388888888888889
0 0.48020833333333335 0.6314814814814815 0.08776041666666666 0.1824074074074074
0 0.3885416666666667 0.8861111111111111 0.10364583333333334 0.11898148148148148
0 0.18333333333333332 0.4685185185185185 0.07760416666666667 0.13148148148148148
0 0.2947916666666667 0.5810185185185185 0.09713541666666667 0.18564814814814815
0 0.6151041666666667 0.6486111111111111 0.08411458333333334 0.21805555555555556
0 0.11822916666666666 0.4842592592592593 0.07421875 0.14027777777777778
0 0.6854166666666667 0.7509259259259259 0.10989583333333333 0.22685185185185186
0 0.7791666666666667 0.6273148148148148 0.06822916666666666 0.1824074074074074
0 0.66796875 0.5259259259259259 0.08880208333333334 0.15462962962962962
0 0.37942708333333336 0.6648148148148149 0.109375 0.1648148148148148
0 0.85703125 0.3851851851851852 0.05078125 0.09212962962962963
0 0.03203125 0.5972222222222222 0.06302083333333333 0.11157407407407408
0 0.8510416666666667 0.5430555555555555 0.07578125 0.1787037037037037
0 0.20520833333333333 0.3921296296296296 0.06171875 0.10416666666666667
0 0.5111979166666667 0.5398148148148149 0.10625 0.24675925925925926
0 0.03723958333333333 0.687037037037037 0.054947916666666666 0.12824074074074074
0 0.05520833333333333 0.4439814814814815 0.058854166666666666 0.11898148148148148
0 0.3684895833333333 0.5537037037037037 0.08177083333333333 0.17685185185185184
0 0.7979166666666667 0.3416666666666667 0.05026041666666667 0.1087962962962963
0 0.26666666666666666 0.7291666666666666 0.04244791666666667 0.08703703703703704
0 0.73984375 0.4351851851851852 0.08229166666666667 0.17916666666666667
0 0.9140625 0.37824074074074077 0.04348958333333333 0.06666666666666667
0 0.4166666666666667 0.4041666666666667 0.07890625 0.1486111111111111
0 0.309375 0.412962962962963 0.08098958333333334 0.12037037037037036
0 0.1140625 0.35462962962962963 0.06380208333333333 0.09166666666666666
0 0.07317708333333334 0.587037037037037 0.05416666666666667 0.1
0 0.95078125 0.6134259259259259 0.09765625 0.24444444444444444
0 0.12604166666666666 0.4013888888888889 0.058854166666666666 0.07777777777777778
0 0.9135416666666667 0.5689814814814815 0.08177083333333333 0.17175925925925925
0 0.5552083333333333 0.40324074074074073 0.05677083333333333 0.11527777777777778
0 0.1671875 0.3592592592592593 0.053125 0.08472222222222223
0 0.65078125 0.35185185185185186 0.04973958333333333 0.08333333333333333
0 0.4549479166666667 0.30833333333333335 0.05755208333333333 0.10462962962962963
0 0.890625 0.42916666666666664 0.05390625 0.09953703703703703
0 0.8447916666666667 0.3388888888888889 0.045572916666666664 0.0787037037037037
0 0.6049479166666667 0.4476851851851852 0.053385416666666664 0.17777777777777778
0 0.90859375 0.4930555555555556 0.062239583333333334 0.11898148148148148
0 0.42890625 0.5666666666666667 0.07109375 0.1962962962962963
0 0.09427083333333333 0.6365740740740741 0.0703125 0.14814814814814814
0 0.3338541666666667 0.8703703703703703 0.07083333333333333 0.11342592592592593
0 0.9658854166666667 0.45555555555555555 0.058854166666666666 0.10555555555555556
0 0.48072916666666665 0.38981481481481484 0.061197916666666664 0.10231481481481482
0 0.09869791666666666 0.27870370370370373 0.05286458333333333 0.10092592592592593
0 0.9791666666666666 0.3597222222222222 0.041666666666666664 0.08148148148148149
0 0.6528645833333333 0.27314814814814814 0.052083333333333336 0.10185185185185185
0 0.85703125 0.22824074074074074 0.052083333333333336 0.09351851851851851
0 0.31979166666666664 0.34953703703703703 0.06848958333333334 0.09722222222222222
0 0.728125 0.3162037037037037 0.04296875 0.07962962962962963
0 0.32916666666666666 0.26342592592592595 0.0640625 0.11666666666666667
0 0.37864583333333335 0.31712962962962965 0.0578125 0.08842592592592592
0 0.054947916666666666 0.3574074074074074 0.06614583333333333 0.11157407407407408
0 0.9239583333333333 0.3037037037037037 0.040364583333333336 0.06851851851851852
0 0.5971354166666667 0.2953703703703704 0.0515625 0.08796296296296297
0 0.5028645833333333 0.2796296296296296 0.06171875 0.12731481481481483
0 0.15416666666666667 0.2657407407407407 0.0453125 0.07962962962962963
0 0.27239583333333334 0.4041666666666667 0.05625 0.11712962962962963
0 0.209375 0.24166666666666667 0.054427083333333334 0.06805555555555555
0 0.03203125 0.2824074074074074 0.04635416666666667 0.07222222222222222
0 0.13567708333333334 0.2439814814814815 0.0375 0.07361111111111111
0 0.23411458333333332 0.387037037037037 0.04244791666666667 0.14074074074074075
0 0.8861979166666667 0.34305555555555556 0.04401041666666667 0.06898148148148148
0 0.0203125 0.4300925925925926 0.040625 0.18611111111111112
0 0.016927083333333332 0.35138888888888886 0.030729166666666665 0.06342592592592593
0 0.8705729166666667 0.2949074074074074 0.055989583333333336 0.0787037037037037
0 0.0578125 0.27037037037037037 0.033854166666666664 0.060648148148148145
0 0.55078125 0.25324074074074077 0.048177083333333336 0.09814814814814815
0 0.384375 0.21481481481481482 0.06197916666666667 0.06435185185185185
0 0.8994791666666667 0.2518518518518518 0.0546875 0.10648148148148148
0 0.44921875 0.2111111111111111 0.047135416666666666 0.06435185185185185
0 0.9559895833333333 0.27361111111111114 0.059895833333333336 0.09861111111111111
0 0.4979166666666667 0.20555555555555555 0.0484375 0.06759259259259259
0 0.5864583333333333 0.3611111111111111 0.05546875 0.12731481481481483
0 0.7510416666666667 0.2791666666666667 0.04765625 0.08796296296296297
0 0.78359375 0.27175925925925926 0.04635416666666667 0.07268518518518519
0 0.8354166666666667 0.2652777777777778 0.036458333333333336 0.07175925925925926