0 0.6619791666666667 0.700925925925926 0.1046875 0.16203703703703703
0 0.6497395833333334 0.5560185185185185 0.125 0.17962962962962964
0 0.5635416666666667 0.6162037037037037 0.12552083333333333 0.21296296296296297
0 0.7372395833333333 0.6768518518518518 0.08645833333333333 0.2074074074074074
0 0.6010416666666667 0.9148148148148149 0.1109375 0.14814814814814814
0 0.5221354166666666 0.3861111111111111 0.1359375 0.20092592592592592
0 0.6838541666666667 0.8527777777777777 0.11145833333333334 0.2111111111111111
0 0.4510416666666667 0.10555555555555556 0.12135416666666667 0.16203703703703703
0 0.5455729166666666 0.22592592592592592 0.14114583333333333 0.21296296296296297
0 0.4309895833333333 0.33564814814814814 0.10104166666666667 0.18425925925925926
0 0.29791666666666666 0.07361111111111111 0.053125 0.04259259259259259
0 0.3846354166666667 0.05277777777777778 0.1015625 0.07592592592592592
0 0.6958333333333333 0.9217592592592593 0.057291666666666664 0.05648148148148148
0 0.61875 0.7666666666666667 0.10833333333333334 0.225
0 0.296875 0.15601851851851853 0.07552083333333333 0.1175925925925926
0 0.5630208333333333 0.8263888888888888 0.11354166666666667 0.2037037037037037
0 0.40078125 0.7569444444444444 0.07135416666666666 0.13148148148148148
0 0.46927083333333336 0.8384259259259259 0.11197916666666667 0.20555555555555555
0 0.27786458333333336 0.09351851851851851 0.04739583333333333 0.06481481481481481
0 0.49244791666666665 0.5986111111111111 0.1625 0.23425925925925925
0 0.41067708333333336 0.4638888888888889 0.08541666666666667 0.09814814814814815
0 0.3497395833333333 0.41574074074074074 0.05520833333333333 0.10185185185185185
0 0.43307291666666664 0.6976851851851852 0.06458333333333334 0.12407407407407407
0 0.30520833333333336 0.4356481481481482 0.06458333333333334 0.10092592592592593
0 0.36796875 0.25972222222222224 0.0921875 0.13703703703703704
0 0.4080729166666667 0.5694444444444444 0.06927083333333334 0.11203703703703703
0 0.503125 0.9402777777777778 0.07708333333333334 0.11944444444444445
0 0.36276041666666664 0.6912037037037037 0.08645833333333333 0.1425925925925926
0 0.7416666666666667 0.7819444444444444 0.07447916666666667 0.15833333333333333
0 0.33671875 0.524074074074074 0.06354166666666666 0.10555555555555556
0 0.5473958333333333 0.7296296296296296 0.125 0.1638888888888889
0 0.42083333333333334 0.9550925925925926 0.07604166666666666 0.08981481481481482
0 0.34817708333333336 0.20879629629629629 0.09322916666666667 0.14351851851851852
0 0.24791666666666667 0.08657407407407407 0.03958333333333333 0.030555555555555555
0 0.33958333333333335 0.06620370370370371 0.04635416666666667 0.053703703703703705
0 0.2640625 0.20972222222222223 0.050520833333333334 0.09444444444444444
0 0.37395833333333334 0.5393518518518519 0.06770833333333333 0.10185185185185185
0 0.42291666666666666 0.8875 0.05364583333333333 0.12037037037037036
0 0.3536458333333333 0.7949074074074074 0.058333333333333334 0.11296296296296296
0 0.32890625 0.7143518518518519 0.0484375 0.10277777777777777
0 0.3768229166666667 0.9 0.058854166666666666 0.13796296296296295
0 0.28489583333333335 0.4824074074074074 0.04739583333333333 0.08425925925925926
0 0.25859375 0.15787037037037038 0.0546875 0.12222222222222222
0 0.21614583333333334 0.11805555555555555 0.05677083333333333 0.07407407407407407
0 0.3359375 0.611574074074074 0.075 0.10833333333333334
0 0.465625 0.9527777777777777 0.058333333333333334 0.09444444444444444
0 0.28489583333333335 0.2550925925925926 0.07135416666666666 0.10555555555555556