0 0.41822916666666665 0.5013888888888889 0.08489583333333334 0.15601851851851853
0 0.6299479166666667 0.5564814814814815 0.09453125 0.13935185185185187
0 0.48541666666666666 0.7180555555555556 0.103125 0.20555555555555555
0 0.56796875 0.7513888888888889 0.07057291666666667 0.1486111111111111
0 0.7265625 0.5449074074074074 0.09895833333333333 0.17453703703703705
0 0.65234375 0.7768518518518519 0.10494791666666667 0.17916666666666667
0 0.5830729166666667 0.8898148148148148 0.09322916666666667 0.1726851851851852
0 0.7432291666666667 0.7296296296296296 0.10963541666666667 0.16805555555555557
0 0.80078125 0.512962962962963 0.07994791666666666 0.14953703703703702
0 0.8067708333333333 0.6699074074074074 0.09244791666666667 0.18009259259259258
0 0.5575520833333333 0.6180555555555556 0.09192708333333334 0.13240740740740742
0 0.2671875 0.7388888888888889 0.12864583333333332 0.24675925925925926
0 0.48541666666666666 0.9069444444444444 0.13489583333333333 0.18472222222222223
0 0.10286458333333333 0.375 0.0671875 0.10046296296296296
0 0.09088541666666666 0.5296296296296297 0.08854166666666667 0.19444444444444445
0 0.8565104166666667 0.5717592592592593 0.06302083333333333 0.16342592592592592
0 0.34765625 0.8041666666666667 0.17369791666666667 0.2814814814814815
0 0.3234375 0.46064814814814814 0.08567708333333333 0.19074074074074074
0 0.6177083333333333 0.2796296296296296 0.059375 0.11296296296296296
0 0.3502604166666667 0.324537037037037 0.061197916666666664 0.10601851851851851
0 0.09791666666666667 0.725925925925926 0.10364583333333334 0.23981481481481481
0 0.6463541666666667 0.6777777777777778 0.1015625 0.12546296296296297
0 0.96875 0.4375 0.06041666666666667 0.10833333333333334
0 0.023177083333333334 0.3458333333333333 0.04609375 0.10740740740740741
0 0.69375 0.3055555555555556 0.06901041666666667 0.12546296296296297
0 0.5127604166666667 0.29907407407407405 0.06380208333333333 0.14537037037037037
0 0.2984375 0.2587962962962963 0.08619791666666667 0.14351851851851852
0 0.2109375 0.5564814814814815 0.1546875 0.2884259259259259
0 0.8671875 0.28055555555555556 0.06614583333333333 0.08518518518518518
0 0.8309895833333333 0.22037037037037038 0.06744791666666666 0.08518518518518518
0 0.030989583333333334 0.5453703703703704 0.06171875 0.15416666666666667
0 0.0515625 0.8777777777777778 0.10286458333333333 0.17037037037037037
0 0.2598958333333333 0.41574074074074074 0.09661458333333334 0.21203703703703702
0 0.4744791666666667 0.38101851851851853 0.09270833333333334 0.2310185185185185
0 0.45703125 0.22361111111111112 0.07838541666666667 0.13657407407407407
0 0.04088541666666667 0.4388888888888889 0.06822916666666666 0.14907407407407408
0 0.3768229166666667 0.2412037037037037 0.09557291666666666 0.12314814814814815
0 0.19296875 0.39814814814814814 0.06484375 0.1597222222222222
0 0.65859375 0.1925925925925926 0.06640625 0.09259259259259259
0 0.7393229166666667 0.2777777777777778 0.07291666666666667 0.1162037037037037
0 0.3807291666666667 0.3472222222222222 0.11770833333333333 0.17962962962962964
0 0.29322916666666665 0.16620370370370371 0.08697916666666666 0.11296296296296296
0 0.14869791666666668 0.25787037037037036 0.06171875 0.11388888888888889
0 0.9671875 0.3037037037037037 0.065625 0.1287037037037037
0 0.9057291666666667 0.28055555555555556 0.07109375 0.1388888888888889
0 0.10494791666666667 0.2273148148148148 0.0875 0.09305555555555556
0 0.3703125 0.1597222222222222 0.08515625 0.10601851851851851
0 0.03619791666666667 0.7106481481481481 0.07239583333333334 0.21574074074074073
0 0.23463541666666668 0.24305555555555555 0.05911458333333333 0.11296296296296296
0 0.8755208333333333 0.18888888888888888 0.04921875 0.060648148148148145
0 0.1625 0.48009259259259257 0.06744791666666666 0.1763888888888889
0 0.8041666666666667 0.35138888888888886 0.0625 0.12361111111111112
0 0.9809895833333333 0.611574074074074 0.03802083333333333 0.10277777777777777
0 0.6619791666666667 0.8916666666666667 0.08151041666666667 0.17083333333333334
0 0.47578125 0.1527777777777778 0.07890625 0.11527777777777778
0 0.5541666666666667 0.11851851851851852 0.09739583333333333 0.20416666666666666
0 0.028645833333333332 0.2537037037037037 0.057291666666666664 0.10277777777777777
0 0.9380208333333333 0.6074074074074074 0.04505208333333333 0.10694444444444444
0 0.6708333333333333 0.12407407407407407 0.04635416666666667 0.07175925925925926
0 0.8955729166666667 0.11018518518518519 0.042708333333333334 0.06620370370370371
0 0.9794270833333333 0.20555555555555555 0.04114583333333333 0.08148148148148149
0 0.615625 0.15416666666666667 0.0796875 0.0962962962962963
0 0.9432291666666667 0.2199074074074074 0.05234375 0.08472222222222223
0 0.859375 0.10092592592592593 0.03828125 0.05925925925925926
0 0.4015625 0.12314814814814815 0.06432291666666666 0.0912037037037037
0 0.09505208333333333 0.30416666666666664 0.10052083333333334 0.11157407407407408
0 0.3924479166666667 0.08611111111111111 0.05416666666666667 0.07268518518518519
0 0.93125 0.17824074074074073 0.05546875 0.08101851851851852
0 0.6049479166666667 0.08101851851851852 0.04869791666666667 0.08796296296296297
0 0.32734375 0.09722222222222222 0.0546875 0.0699074074074074
0 0.82421875 0.1310185185185185 0.0671875 0.125
0 0.53671875 0.06620370370370371 0.05859375 0.10277777777777777
0 0.2520833333333333 0.3125 0.08151041666666667 0.10277777777777777
0 0.6942708333333333 0.2273148148148148 0.10859375 0.1300925925925926