0 0.2994791666666667 0.861574074074074 0.134375 0.27685185185185185
0 0.1859375 0.837037037037037 0.09635416666666667 0.1675925925925926
0 0.5091145833333334 0.5555555555555556 0.0796875 0.14814814814814814
0 0.6177083333333333 0.4527777777777778 0.059375 0.1037037037037037
0 0.6921875 0.6074074074074074 0.06666666666666667 0.11944444444444445
0 0.29973958333333334 0.6814814814814815 0.07760416666666667 0.12777777777777777
0 0.15390625 0.7185185185185186 0.10052083333333334 0.13333333333333333
0 0.3263020833333333 0.43796296296296294 0.06875 0.16944444444444445
0 0.8463541666666666 0.7069444444444445 0.09583333333333334 0.17962962962962964
0 0.19557291666666668 0.5833333333333334 0.09010416666666667 0.14074074074074075
0 0.146875 0.9583333333333334 0.18333333333333332 0.08333333333333333
0 0.08411458333333334 0.9097222222222222 0.10677083333333333 0.18055555555555555
0 0.04505208333333333 0.7467592592592592 0.06614583333333333 0.14814814814814814
0 0.2903645833333333 0.5652777777777778 0.10520833333333333 0.1814814814814815
0 0.3875 0.48194444444444445 0.10104166666666667 0.22685185185185186
0 0.5309895833333333 0.475462962962963 0.06927083333333334 0.12129629629629629
0 0.5911458333333334 0.39814814814814814 0.0734375 0.1259259259259259
0 0.6291666666666667 0.3347222222222222 0.06666666666666667 0.13055555555555556
0 0.7171875 0.5212962962962963 0.08177083333333333 0.14722222222222223
0 0.6294270833333333 0.6013888888888889 0.10729166666666666 0.2
0 0.7786458333333334 0.6351851851851852 0.1046875 0.17407407407407408
0 0.8859375 0.5824074074074074 0.09270833333333334 0.15092592592592594
0 0.8005208333333333 0.5078703703703704 0.071875 0.13796296296296295
0 0.8479166666666667 0.4513888888888889 0.06666666666666667 0.12685185185185185
0 0.06302083333333333 0.6208333333333333 0.08333333333333333 0.1259259259259259
0 0.045572916666666664 0.5222222222222223 0.0609375 0.10092592592592593
0 0.22161458333333334 0.4773148148148148 0.0609375 0.09537037037037037
0 0.28203125 0.2828703703703704 0.04895833333333333 0.08611111111111111
0 0.39557291666666666 0.3541666666666667 0.06458333333333334 0.1175925925925926
0 0.328125 0.33287037037037037 0.05677083333333333 0.09907407407407408
0 0.2591145833333333 0.36527777777777776 0.053125 0.11203703703703703
0 0.28828125 0.47453703703703703 0.05572916666666667 0.10092592592592593
0 0.18854166666666666 0.3675925925925926 0.04739583333333333 0.09722222222222222
0 0.1328125 0.3699074074074074 0.0546875 0.10277777777777777
0 0.11927083333333334 0.4300925925925926 0.0796875 0.11296296296296296
0 0.4822916666666667 0.38842592592592595 0.08645833333333333 0.13518518518518519
0 0.5505208333333333 0.35833333333333334 0.07864583333333333 0.12962962962962962
0 0.5484375 0.2875 0.0546875 0.08425925925925926
0 0.48932291666666666 0.30787037037037035 0.07552083333333333 0.10092592592592593
0 0.6708333333333333 0.25787037037037036 0.06302083333333333 0.11203703703703703
0 0.7106770833333333 0.37592592592592594 0.0828125 0.175
0 0.7734375 0.43472222222222223 0.0734375 0.125
0 0.8182291666666667 0.3537037037037037 0.058854166666666666 0.10648148148148148
0 0.7591145833333334 0.3375 0.058333333333333334 0.11203703703703703
0 0.871875 0.2833333333333333 0.053125 0.10092592592592593
0 0.79453125 0.27824074074074073 0.05364583333333333 0.09814814814814815
0 0.76328125 0.21157407407407408 0.052083333333333336 0.09444444444444444
0 0.5908854166666667 0.13796296296296295 0.058333333333333334 0.12037037037037036
0 0.70078125 0.13842592592592592 0.0375 0.09166666666666666
0 0.64765625 0.14953703703703702 0.057291666666666664 0.10648148148148148
0 0.7380208333333333 0.12037037037037036 0.04479166666666667 0.11018518518518519
0 0.82734375 0.22962962962962963 0.046875 0.10092592592592593
0 0.703125 0.2324074074074074 0.04010416666666667 0.1037037037037037
0 0.6817708333333333 0.19305555555555556 0.0484375 0.08888888888888889
0 0.60703125 0.2689814814814815 0.05520833333333333 0.08611111111111111
0 0.63046875 0.2037037037037037 0.04791666666666667 0.08518518518518518
0 0.5861979166666667 0.22083333333333333 0.05 0.07777777777777778
0 0.47552083333333334 0.2523148148148148 0.04739583333333333 0.09444444444444444
0 0.43828125 0.2814814814814815 0.04375 0.09074074074074075