0 0.6609375 0.47314814814814815 0.10572916666666667 0.15
0 0.6635416666666667 0.6129629629629629 0.090625 0.15555555555555556
0 0.5763020833333333 0.5092592592592593 0.1171875 0.18796296296296297
0 0.734375 0.6208333333333333 0.08541666666666667 0.2037037037037037
0 0.5838541666666667 0.8425925925925926 0.12083333333333333 0.20462962962962963
0 0.56015625 0.2708333333333333 0.13697916666666668 0.18888888888888888
0 0.603125 0.1287037037037037 0.14635416666666667 0.2351851851851852
0 0.5200520833333333 0.032407407407407406 0.1078125 0.06481481481481481
0 0.4822916666666667 0.20185185185185187 0.10208333333333333 0.18425925925925926
0 0.6140625 0.6791666666666667 0.11197916666666667 0.2222222222222222
0 0.4921875 0.9856481481481482 0.06041666666666667 0.028703703703703703
0 0.5197916666666667 0.4726851851851852 0.15625 0.2324074074074074
0 0.5546875 0.7194444444444444 0.11302083333333333 0.17685185185185184
0 0.67109375 0.8634259259259259 0.05625 0.09074074074074075
0 0.41848958333333336 0.09398148148148149 0.11510416666666666 0.17777777777777778
0 0.4630208333333333 0.6638888888888889 0.096875 0.16666666666666666
0 0.48828125 0.8490740740740741 0.08177083333333333 0.1648148148148148
0 0.4359375 0.4222222222222222 0.07447916666666667 0.12129629629629629
0 0.3893229166666667 0.2652777777777778 0.05572916666666667 0.10277777777777777
0 0.40286458333333336 0.6152777777777778 0.06875 0.12037037037037036
0 0.4510416666666667 0.32685185185185184 0.10833333333333334 0.12685185185185185
0 0.5502604166666667 0.611574074074074 0.121875 0.16111111111111112
0 0.7361979166666667 0.7194444444444444 0.07604166666666666 0.14537037037037037
0 0.4427083333333333 0.5546296296296296 0.06770833333333333 0.12685185185185185
0 0.3455729166666667 0.2763888888888889 0.06614583333333333 0.11018518518518519
0 0.4513020833333333 0.8430555555555556 0.06666666666666667 0.1388888888888889
0 0.35494791666666664 0.13703703703703704 0.052083333333333336 0.08981481481481482
0 0.40208333333333335 0.8430555555555556 0.0765625 0.13425925925925927
0 0.42213541666666665 0.7467592592592592 0.059895833333333336 0.1175925925925926
0 0.3684895833333333 0.36944444444444446 0.058333333333333334 0.10648148148148148
0 0.37786458333333334 0.5370370370370371 0.08229166666666667 0.13148148148148148
0 0.490625 0.9152777777777777 0.075 0.12037037037037036
0 0.48776041666666664 0.9671296296296297 0.08489583333333334 0.06574074074074074
0 0.3541666666666667 0.4583333333333333 0.06354166666666666 0.10277777777777777
0 0.3645833333333333 0.7560185185185185 0.04739583333333333 0.12037037037037036
0 0.3502604166666667 0.6435185185185185 0.04479166666666667 0.09444444444444444
0 0.3377604166666667 0.5597222222222222 0.04635416666666667 0.09722222222222222
0 0.40677083333333336 0.37546296296296294 0.08125 0.12037037037037036
0 0.3302083333333333 0.10416666666666667 0.0578125 0.1
0 0.3221354166666667 0.07083333333333333 0.04375 0.05