0 0.44296875 0.7689814814814815 0.09010416666666667 0.1935185185185185
0 0.37135416666666665 0.712037037037037 0.09166666666666666 0.1685185185185185
0 0.46171875 0.6180555555555556 0.1109375 0.21666666666666667
0 0.33619791666666665 0.8217592592592593 0.1171875 0.16203703703703703
0 0.19869791666666667 0.32407407407407407 0.09427083333333333 0.16296296296296298
0 0.29010416666666666 0.4837962962962963 0.1203125 0.22314814814814815
0 0.5895833333333333 0.6962962962962963 0.11354166666666667 0.25
0 0.13359375 0.30925925925925923 0.0921875 0.17037037037037037
0 0.6424479166666667 0.8277777777777777 0.1390625 0.26944444444444443
0 0.7510416666666667 0.7513888888888889 0.09270833333333334 0.2074074074074074
0 0.65859375 0.6023148148148149 0.1078125 0.18981481481481483
0 0.35963541666666665 0.6037037037037037 0.1296875 0.20925925925925926
0 0.8614583333333333 0.5532407407407407 0.06302083333333333 0.11296296296296296
0 0.03619791666666667 0.37824074074074077 0.07239583333333334 0.1361111111111111
0 0.8328125 0.7032407407407407 0.09947916666666666 0.2074074074074074
0 0.23098958333333333 0.2601851851851852 0.07447916666666667 0.1287037037037037
0 0.5049479166666667 0.5435185185185185 0.13854166666666667 0.28703703703703703
0 0.030729166666666665 0.4671296296296296 0.06145833333333333 0.14907407407407408
0 0.07864583333333333 0.2412037037037037 0.07395833333333333 0.14166666666666666
0 0.3651041666666667 0.4912037037037037 0.1046875 0.20833333333333334
0 0.8109375 0.4842592592592593 0.0640625 0.1287037037037037
0 0.24114583333333334 0.6138888888888889 0.05416666666666667 0.1037037037037037
0 0.7411458333333333 0.5476851851851852 0.10572916666666667 0.2111111111111111
0 0.9177083333333333 0.5726851851851852 0.052083333333333336 0.08425925925925926
0 0.43333333333333335 0.36898148148148147 0.09791666666666667 0.17962962962962964
0 0.32864583333333336 0.3282407407407407 0.09583333333333334 0.1537037037037037
0 0.1484375 0.18194444444444444 0.07447916666666667 0.1175925925925926
0 0.075 0.3875 0.06666666666666667 0.12129629629629629
0 0.9190104166666667 0.8171296296296297 0.13020833333333334 0.2814814814814815
0 0.153125 0.23287037037037037 0.06822916666666666 0.10185185185185185
0 0.8893229166666666 0.7569444444444444 0.10416666666666667 0.2037037037037037
0 0.5674479166666667 0.43194444444444446 0.07135416666666666 0.13703703703703704
0 0.19895833333333332 0.2111111111111111 0.06354166666666666 0.10648148148148148
0 0.6671875 0.4263888888888889 0.06041666666666667 0.1037037037037037
0 0.484375 0.29398148148148145 0.0703125 0.12777777777777777
0 0.8875 0.6111111111111112 0.06666666666666667 0.12129629629629629
0 0.8565104166666667 0.5032407407407408 0.05572916666666667 0.09722222222222222
0 0.6091145833333333 0.4976851851851852 0.07708333333333334 0.1962962962962963
0 0.8955729166666667 0.6814814814814815 0.07760416666666667 0.14351851851851852
0 0.42161458333333335 0.5314814814814814 0.096875 0.2222222222222222
0 0.08828125 0.44537037037037036 0.08958333333333333 0.175
0 0.28567708333333336 0.7814814814814814 0.08489583333333334 0.14166666666666666
0 0.9565104166666667 0.6712962962962963 0.07239583333333334 0.1287037037037037
0 0.4973958333333333 0.38472222222222224 0.07395833333333333 0.12685185185185185
0 0.14453125 0.10138888888888889 0.06614583333333333 0.12222222222222222
0 0.9786458333333333 0.5851851851851851 0.042708333333333334 0.09814814814814815
0 0.6807291666666667 0.35138888888888886 0.06510416666666667 0.12222222222222222
0 0.884375 0.40185185185185185 0.0640625 0.11388888888888889
0 0.34791666666666665 0.27175925925925926 0.08072916666666667 0.1259259259259259
0 0.7471354166666667 0.4273148148148148 0.05260416666666667 0.0962962962962963
0 0.36953125 0.19305555555555556 0.07864583333333333 0.1425925925925926
0 0.409375 0.2675925925925926 0.06875 0.11203703703703703
0 0.09088541666666666 0.1574074074074074 0.08020833333333334 0.13796296296296295
0 0.9380208333333333 0.5055555555555555 0.04895833333333333 0.08518518518518518
0 0.6236979166666666 0.3472222222222222 0.0625 0.10833333333333334
0 0.5348958333333333 0.2884259259259259 0.078125 0.15185185185185185
0 0.2 0.11481481481481481 0.05520833333333333 0.09814814814814815
0 0.29401041666666666 0.30277777777777776 0.07135416666666666 0.1388888888888889
0 0.25677083333333334 0.11666666666666667 0.0625 0.09074074074074075
0 0.0796875 0.07453703703703704 0.05520833333333333 0.09074074074074075
0 0.18541666666666667 0.08518518518518518 0.046875 0.08888888888888889
0 0.2596354166666667 0.26851851851851855 0.06197916666666667 0.15555555555555556
0 0.8958333333333334 0.5259259259259259 0.052083333333333336 0.08611111111111111
0 0.046875 0.21157407407407408 0.06614583333333333 0.19814814814814816
0 0.054947916666666666 0.13425925925925927 0.0390625 0.075
0 0.8877604166666667 0.4722222222222222 0.065625 0.10185185185185185
0 0.10625 0.07453703703703704 0.041666666666666664 0.075
0 0.5848958333333333 0.2851851851851852 0.06041666666666667 0.11666666666666667
0 0.42994791666666665 0.1712962962962963 0.06927083333333334 0.09074074074074075
0 0.921875 0.4439814814814815 0.06822916666666666 0.12777777777777777
0 0.49296875 0.19768518518518519 0.0546875 0.08425925925925926
0 0.9684895833333333 0.49074074074074076 0.06302083333333333 0.12222222222222222
0 0.5408854166666667 0.21481481481481482 0.05677083333333333 0.08796296296296297
0 0.6036458333333333 0.40555555555555556 0.071875 0.14907407407407408
0 0.7747395833333334 0.4023148148148148 0.058854166666666666 0.10740740740740741
0 0.80703125 0.4101851851851852 0.05520833333333333 0.09074074074074075
0 0.8580729166666666 0.42777777777777776 0.04583333333333333 0.08611111111111111