0 0.48125 0.7856481481481481 0.06927083333333334 0.17037037037037037
0 0.40390625 0.7611111111111111 0.07552083333333333 0.14074074074074075
0 0.47890625 0.6310185185185185 0.0890625 0.18518518518518517
0 0.3848958333333333 0.8824074074074074 0.1046875 0.12129629629629629
0 0.18359375 0.4587962962962963 0.07864583333333333 0.13425925925925927
0 0.29401041666666666 0.5745370370370371 0.0984375 0.18796296296296297
0 0.6135416666666667 0.6523148148148148 0.08645833333333333 0.2212962962962963
0 0.11848958333333333 0.4722222222222222 0.07552083333333333 0.1425925925925926
0 0.6828125 0.7564814814814815 0.11197916666666667 0.23055555555555557
0 0.7778645833333333 0.6361111111111111 0.06979166666666667 0.18425925925925926
0 0.6677083333333333 0.5310185185185186 0.09010416666666667 0.1574074074074074
0 0.37786458333333334 0.6611111111111111 0.1109375 0.1685185185185185
0 0.8580729166666666 0.3962962962962963 0.052083333333333336 0.09444444444444444
0 0.031510416666666666 0.5824074074074074 0.06302083333333333 0.11296296296296296
0 0.8505208333333333 0.5541666666666667 0.07760416666666667 0.1814814814814815
0 0.20625 0.38287037037037036 0.0625 0.10555555555555556
0 0.5106770833333333 0.5402777777777777 0.10885416666666667 0.25
0 0.035416666666666666 0.6726851851851852 0.05625 0.12962962962962962
0 0.05572916666666667 0.4300925925925926 0.059895833333333336 0.12037037037037036
0 0.36796875 0.549537037037037 0.08333333333333333 0.17962962962962964
0 0.7994791666666666 0.3509259259259259 0.051041666666666666 0.1111111111111111
0 0.2643229166666667 0.7217592592592592 0.04375 0.08796296296296297
0 0.7403645833333333 0.4425925925925926 0.08385416666666666 0.1824074074074074
0 0.9151041666666667 0.3912037037037037 0.044270833333333336 0.06759259259259259
0 0.41770833333333335 0.4013888888888889 0.08072916666666667 0.15092592592592594
0 0.31015625 0.40694444444444444 0.08229166666666667 0.12314814814814815
0 0.115625 0.3425925925925926 0.06458333333333334 0.09351851851851851
0 0.07239583333333334 0.5736111111111111 0.05520833333333333 0.10185185185185185
0 0.9494791666666667 0.6273148148148148 0.10052083333333334 0.24722222222222223
0 0.12708333333333333 0.38981481481481484 0.059375 0.07962962962962963
0 0.9127604166666666 0.5819444444444445 0.08333333333333333 0.175
0 0.55625 0.4050925925925926 0.0578125 0.11666666666666667
0 0.16875 0.3490740740740741 0.05416666666666667 0.08703703703703704
0 0.6520833333333333 0.35648148148148145 0.051041666666666666 0.08518518518518518
0 0.45677083333333335 0.30694444444444446 0.058333333333333334 0.10648148148148148
0 0.8911458333333333 0.4412037037037037 0.05520833333333333 0.10185185185185185
0 0.8463541666666666 0.34953703703703703 0.04635416666666667 0.08055555555555556
0 0.60546875 0.45092592592592595 0.0546875 0.17962962962962964
0 0.90859375 0.5055555555555555 0.06354166666666666 0.12037037037037036
0 0.4283854166666667 0.5643518518518519 0.07291666666666667 0.19814814814814816
0 0.09296875 0.6240740740740741 0.071875 0.15
0 0.3302083333333333 0.8652777777777778 0.071875 0.11481481481481481
0 0.9661458333333334 0.4699074074074074 0.059895833333333336 0.10740740740740741
0 0.4817708333333333 0.38935185185185184 0.0625 0.1037037037037037
0 0.10104166666666667 0.2662037037037037 0.05416666666666667 0.10277777777777777
0 0.9794270833333333 0.37453703703703706 0.04114583333333333 0.0824074074074074
0 0.6549479166666666 0.2777777777777778 0.053125 0.1037037037037037
0 0.8596354166666667 0.23935185185185184 0.053125 0.09537037037037037
0 0.32135416666666666 0.3439814814814815 0.06979166666666667 0.09907407407407408
0 0.7299479166666667 0.32314814814814813 0.043229166666666666 0.08055555555555556
0 0.33151041666666664 0.25833333333333336 0.06510416666666667 0.11851851851851852
0 0.38046875 0.31342592592592594 0.058854166666666666 0.09074074074074075
0 0.05651041666666667 0.3435185185185185 0.0671875 0.11296296296296296
0 0.92578125 0.31666666666666665 0.04114583333333333 0.06944444444444445
0 0.59921875 0.2986111111111111 0.05260416666666667 0.08981481481481482
0 0.5049479166666667 0.2796296296296296 0.0625 0.12962962962962962
0 0.15651041666666668 0.2550925925925926 0.04583333333333333 0.08148148148148149
0 0.2734375 0.3972222222222222 0.057291666666666664 0.11851851851851852
0 0.21197916666666666 0.23287037037037037 0.0546875 0.07037037037037037
0 0.03411458333333333 0.26805555555555555 0.046875 0.07407407407407407
0 0.13828125 0.23287037037037037 0.03802083333333333 0.075
0 0.23515625 0.3787037037037037 0.044270833333333336 0.14166666666666666
0 0.8877604166666667 0.35509259259259257 0.044270833333333336 0.06944444444444445
0 0.02109375 0.4152777777777778 0.0421875 0.18703703703703703
0 0.018489583333333334 0.3365740740740741 0.03125 0.06388888888888888
0 0.87265625 0.30648148148148147 0.05677083333333333 0.08055555555555556
0 0.06015625 0.2564814814814815 0.034375 0.062037037037037036
0 0.553125 0.25462962962962965 0.04895833333333333 0.1
0 0.38723958333333336 0.2111111111111111 0.0625 0.06666666666666667
0 0.9018229166666667 0.26435185185185184 0.05572916666666667 0.10833333333333334
0 0.45208333333333334 0.20972222222222223 0.04739583333333333 0.06666666666666667
0 0.9580729166666667 0.287962962962963 0.0609375 0.1
0 0.50078125 0.20555555555555555 0.04895833333333333 0.06944444444444445
0 0.5877604166666667 0.3638888888888889 0.05625 0.12962962962962962
0 0.753125 0.28703703703703703 0.04895833333333333 0.08981481481481482
0 0.7856770833333333 0.28055555555555556 0.046875 0.07407407407407407
0 0.8377604166666667 0.2759259259259259 0.03697916666666667 0.07314814814814814