0 0.3380208333333333 0.0912037037037037 0.13802083333333334 0.17685185185185184
0 0.4674479166666667 0.5050925925925925 0.071875 0.12037037037037036
0 0.5036458333333333 0.7143518518518519 0.05 0.09166666666666666
0 0.4041666666666667 0.8152777777777778 0.0578125 0.10185185185185185
0 0.43802083333333336 0.11574074074074074 0.06041666666666667 0.12037037037037036
0 0.5674479166666667 0.20879629629629629 0.0875 0.09537037037037037
0 0.5041666666666667 0.12175925925925926 0.08697916666666666 0.16203703703703703
0 0.5315104166666667 0.3074074074074074 0.11510416666666666 0.14444444444444443
0 0.5075520833333333 0.5587962962962963 0.058333333333333334 0.10648148148148148
0 0.5388020833333333 0.6782407407407407 0.06041666666666667 0.11296296296296296
0 0.5666666666666667 0.7569444444444444 0.06458333333333334 0.09907407407407408
0 0.446875 0.875 0.07083333333333333 0.12407407407407407
0 0.4192708333333333 0.7064814814814815 0.09739583333333333 0.16203703703703703
0 0.371875 0.9398148148148148 0.08229166666666667 0.12037037037037036
0 0.43723958333333335 0.9842592592592593 0.0671875 0.03148148148148148
0 0.5653645833333333 0.03287037037037037 0.044270833333333336 0.06574074074074074
0 0.6614583333333334 0.16111111111111112 0.04114583333333333 0.075
0 0.6005208333333333 0.3453703703703704 0.057291666666666664 0.09814814814814815
0 0.625 0.23194444444444445 0.04791666666666667 0.08703703703703704
0 0.6203125 0.10555555555555556 0.05572916666666667 0.07777777777777778
0 0.5544270833333333 0.13518518518518519 0.04895833333333333 0.08518518518518518
0 0.6322916666666667 0.00787037037037037 0.04791666666666667 0.01574074074074074
0 0.5651041666666666 0.49074074074074076 0.06302083333333333 0.13518518518518519
0 0.5684895833333333 0.6148148148148148 0.06145833333333333 0.12222222222222222
0 0.6080729166666666 0.625 0.0390625 0.08611111111111111
0 0.6083333333333333 0.5180555555555556 0.04479166666666667 0.12129629629629629
0 0.6010416666666667 0.8439814814814814 0.05416666666666667 0.0962962962962963
0 0.5283854166666667 0.8912037037037037 0.0875 0.12037037037037036
0 0.48359375 0.9662037037037037 0.058854166666666666 0.06759259259259259
0 0.5401041666666667 0.9694444444444444 0.0546875 0.06018518518518518
0 0.6083333333333333 0.9861111111111112 0.04479166666666667 0.022222222222222223
0 0.6825520833333333 0.7277777777777777 0.06041666666666667 0.08518518518518518
0 0.6614583333333334 0.9194444444444444 0.04739583333333333 0.05277777777777778
0 0.6653645833333334 0.8245370370370371 0.052083333333333336 0.08703703703703704
0 0.6640625 0.9763888888888889 0.05677083333333333 0.03888888888888889
0 0.6088541666666667 0.9055555555555556 0.05364583333333333 0.05462962962962963
0 0.6346354166666667 0.8759259259259259 0.043229166666666666 0.07314814814814814
0 0.6072916666666667 0.7310185185185185 0.040625 0.08611111111111111
0 0.6388020833333333 0.7842592592592592 0.04114583333333333 0.07222222222222222
0 0.6377604166666667 0.7037037037037037 0.0359375 0.0787037037037037
0 0.64140625 0.5046296296296297 0.046875 0.07037037037037037
0 0.6325520833333333 0.4337962962962963 0.0453125 0.06388888888888888