0 0.7973958333333333 0.23055555555555557 0.11822916666666666 0.20092592592592592
0 0.68828125 0.2175925925925926 0.146875 0.24166666666666667
0 0.80625 0.5055555555555555 0.16197916666666667 0.27870370370370373
0 0.553125 0.5782407407407407 0.0984375 0.18888888888888888
0 0.9114583333333334 0.30092592592592593 0.10625 0.19074074074074074
0 0.32864583333333336 0.17222222222222222 0.13125 0.2037037037037037
0 0.7455729166666667 0.6481481481481481 0.1046875 0.15648148148148147
0 0.3729166666666667 0.39675925925925926 0.11822916666666666 0.22777777777777777
0 0.6096354166666667 0.36898148148148147 0.1171875 0.25555555555555554
0 0.96875 0.4050925925925926 0.0625 0.1787037037037037
0 0.6875 0.44027777777777777 0.17708333333333334 0.3212962962962963
0 0.6447916666666667 0.6217592592592592 0.1296875 0.20925925925925926
0 0.7549479166666667 0.13240740740740742 0.09739583333333333 0.10462962962962963
0 0.41432291666666665 0.6189814814814815 0.07864583333333333 0.13055555555555556
0 0.28411458333333334 0.1037037037037037 0.15989583333333332 0.2074074074074074
0 0.43854166666666666 0.49537037037037035 0.10989583333333333 0.24351851851851852
0 0.8255208333333334 0.7550925925925925 0.10520833333333333 0.17314814814814813
0 0.928125 0.5671296296296297 0.14375 0.2824074074074074
0 0.8557291666666667 0.6277777777777778 0.125 0.21388888888888888
0 0.6171875 0.7407407407407407 0.09947916666666666 0.1685185185185185
0 0.53046875 0.700462962962963 0.121875 0.1925925925925926
0 0.24479166666666666 0.47962962962962963 0.10052083333333334 0.16203703703703703
0 0.10885416666666667 0.12777777777777777 0.09947916666666666 0.14537037037037037
0 0.18645833333333334 0.39351851851851855 0.10416666666666667 0.17407407407407408
0 0.6458333333333334 0.8486111111111111 0.1 0.17314814814814813
0 0.19869791666666667 0.2324074074074074 0.13020833333333334 0.22777777777777777
0 0.9260416666666667 0.8652777777777778 0.08854166666666667 0.1824074074074074
0 0.8825520833333333 0.9092592592592592 0.08072916666666667 0.1574074074074074
0 0.12526041666666668 0.5560185185185185 0.090625 0.17037037037037037
0 0.7109375 0.7763888888888889 0.1328125 0.225
0 0.6765625 0.9194444444444444 0.0890625 0.14907407407407408
0 0.73046875 0.8541666666666666 0.10677083333333333 0.17962962962962964
0 0.9341145833333333 0.7476851851851852 0.11458333333333333 0.24351851851851852
0 0.17552083333333332 0.08148148148148149 0.13125 0.16296296296296298
0 0.2752604166666667 0.33935185185185185 0.1484375 0.275
0 0.6666666666666666 0.9601851851851851 0.09270833333333334 0.07962962962962963
0 0.22005208333333334 0.5523148148148148 0.09322916666666667 0.14722222222222223
0 0.3046875 0.6046296296296296 0.1015625 0.16296296296296298
0 0.06875 0.08009259259259259 0.06458333333333334 0.1425925925925926
0 0.3380208333333333 0.48148148148148145 0.12395833333333334 0.21851851851851853
0 0.81796875 0.8402777777777778 0.09895833333333333 0.15092592592592594
0 0.25859375 0.6717592592592593 0.0921875 0.13518518518518519
0 0.4080729166666667 0.7171296296296297 0.06927083333333334 0.1361111111111111
0 0.18567708333333333 0.4736111111111111 0.08177083333333333 0.1425925925925926
0 0.88515625 0.9592592592592593 0.08072916666666667 0.08148148148148149
0 0.34348958333333335 0.7305555555555555 0.11041666666666666 0.18055555555555555
0 0.55390625 0.912962962962963 0.08125 0.11851851851851852
0 0.5080729166666667 0.8226851851851852 0.0828125 0.13240740740740742
0 0.18515625 0.6037037037037037 0.07864583333333333 0.12962962962962962
0 0.08697916666666666 0.4101851851851852 0.08697916666666666 0.12962962962962962
0 0.775 0.975 0.06770833333333333 0.05
0 0.8125 0.9694444444444444 0.078125 0.06111111111111111
0 0.08854166666666667 0.48564814814814816 0.08802083333333334 0.12962962962962962
0 0.20598958333333334 0.6601851851851852 0.05572916666666667 0.09166666666666666
0 0.16041666666666668 0.6462962962962963 0.0609375 0.10740740740740741
0 0.7158854166666667 0.9875 0.08489583333333334 0.025
0 0.03854166666666667 0.27175925925925926 0.06510416666666667 0.19074074074074074
0 0.2674479166666667 0.7375 0.06927083333333334 0.11018518518518519