0 0.6921875 0.425 0.13697916666666668 0.18518518518518517
0 0.46770833333333334 0.9115740740740741 0.0859375 0.16666666666666666
0 0.58359375 0.6800925925925926 0.15833333333333333 0.2462962962962963
0 0.63828125 0.5087962962962963 0.1328125 0.20833333333333334
0 0.7203125 0.2375 0.1421875 0.25277777777777777
0 0.6479166666666667 0.12407407407407407 0.0984375 0.16574074074074074
0 0.7661458333333333 0.12083333333333333 0.103125 0.1398148148148148
0 0.6153645833333333 0.29212962962962963 0.0875 0.20185185185185187
0 0.56171875 0.4671296296296296 0.1234375 0.2175925925925926
0 0.4903645833333333 0.4722222222222222 0.06770833333333333 0.1537037037037037
0 0.503125 0.6157407407407407 0.04479166666666667 0.11944444444444445
0 0.4583333333333333 0.36944444444444446 0.06979166666666667 0.14074074074074075
0 0.44635416666666666 0.524537037037037 0.06510416666666667 0.14814814814814814
0 0.44869791666666664 0.8245370370370371 0.08854166666666667 0.175
0 0.5783854166666667 0.11805555555555555 0.0671875 0.11944444444444445
0 0.5268229166666667 0.23055555555555557 0.12395833333333334 0.18703703703703703
0 0.5197916666666667 0.10092592592592593 0.07447916666666667 0.11944444444444445
0 0.4427083333333333 0.6587962962962963 0.07447916666666667 0.12777777777777777
0 0.39765625 0.587037037037037 0.052083333333333336 0.13703703703703704
0 0.415625 0.4759259259259259 0.0578125 0.10462962962962963
0 0.5489583333333333 0.027777777777777776 0.059895833333333336 0.05462962962962963
0 0.4947916666666667 0.023148148148148147 0.05625 0.046296296296296294
0 0.46927083333333336 0.1259259259259259 0.046875 0.09814814814814815
0 0.39947916666666666 0.924074074074074 0.06614583333333333 0.10555555555555556
0 0.31953125 0.9222222222222223 0.05364583333333333 0.08518518518518518
0 0.35208333333333336 0.8981481481481481 0.05364583333333333 0.10648148148148148
0 0.3458333333333333 0.8194444444444444 0.0453125 0.09074074074074075
0 0.43307291666666664 0.1527777777777778 0.053125 0.08333333333333333
0 0.43854166666666666 0.2337962962962963 0.0671875 0.12222222222222222
0 0.38619791666666664 0.37037037037037035 0.0515625 0.09907407407407408
0 0.390625 0.27361111111111114 0.05260416666666667 0.10092592592592593
0 0.41796875 0.3476851851851852 0.0453125 0.10833333333333334
0 0.39869791666666665 0.17453703703703705 0.044270833333333336 0.08703703703703704
0 0.44453125 0.04490740740740741 0.05364583333333333 0.08981481481481482
0 0.4158854166666667 0.0824074074074074 0.0453125 0.08518518518518518
0 0.36380208333333336 0.4097222222222222 0.05520833333333333 0.10925925925925926
0 0.36614583333333334 0.4986111111111111 0.05260416666666667 0.10277777777777777
0 0.37083333333333335 0.6587962962962963 0.06458333333333334 0.07592592592592592
0 0.36354166666666665 0.5810185185185185 0.053125 0.10833333333333334
0 0.39401041666666664 0.7277777777777777 0.06510416666666667 0.0787037037037037
0 0.39348958333333334 0.8009259259259259 0.06145833333333333 0.125
0 0.3807291666666667 0.03564814814814815 0.07291666666666667 0.0712962962962963
0 0.37161458333333336 0.11898148148148148 0.06510416666666667 0.09351851851851851