0 0.5231770833333333 0.37824074074074077 0.16510416666666666 0.2574074074074074
0 0.52265625 0.5611111111111111 0.1671875 0.23055555555555557
0 0.57109375 0.7550925925925925 0.17604166666666668 0.2898148148148148
0 0.5890625 0.21203703703703702 0.13645833333333332 0.2722222222222222
0 0.6713541666666667 0.43657407407407406 0.18020833333333333 0.2962962962962963
0 0.65078125 0.6032407407407407 0.16510416666666666 0.2814814814814815
0 0.39947916666666666 0.7074074074074074 0.11458333333333333 0.21388888888888888
0 0.48880208333333336 0.7148148148148148 0.140625 0.21574074074074073
0 0.41744791666666664 0.4027777777777778 0.16041666666666668 0.2972222222222222
0 0.41302083333333334 0.5606481481481481 0.09270833333333334 0.17037037037037037
0 0.4903645833333333 0.08009259259259259 0.0953125 0.16018518518518518
0 0.58828125 0.03564814814814815 0.0984375 0.0712962962962963
0 0.5372395833333333 0.899537037037037 0.1359375 0.17962962962962964
0 0.353125 0.774537037037037 0.0953125 0.19814814814814816
0 0.6934895833333333 0.18935185185185185 0.14270833333333333 0.2972222222222222
0 0.6625 0.06481481481481481 0.11666666666666667 0.12962962962962962
0 0.3658854166666667 0.5601851851851852 0.0875 0.1824074074074074
0 0.32760416666666664 0.624537037037037 0.071875 0.16296296296296298
0 0.4200520833333333 0.9824074074074074 0.06927083333333334 0.03518518518518519
0 0.39869791666666665 0.862037037037037 0.07604166666666666 0.1388888888888889
0 0.3455729166666667 0.4393518518518518 0.0796875 0.15185185185185185
0 0.47760416666666666 0.875 0.08541666666666667 0.1388888888888889
0 0.3033854166666667 0.4601851851851852 0.07708333333333334 0.17037037037037037
0 0.27265625 0.32731481481481484 0.1078125 0.11944444444444445
0 0.5268229166666667 0.15324074074074073 0.08333333333333333 0.18518518518518517
0 0.353125 0.13564814814814816 0.0765625 0.12962962962962962
0 0.54375 0.04861111111111111 0.07291666666666667 0.09722222222222222
0 0.3453125 0.06111111111111111 0.06145833333333333 0.05740740740740741
0 0.26015625 0.39490740740740743 0.07239583333333334 0.11666666666666667
0 0.30572916666666666 0.7444444444444445 0.04739583333333333 0.10833333333333334
0 0.28125 0.49074074074074076 0.043229166666666666 0.09722222222222222
0 0.29010416666666666 0.6319444444444444 0.05416666666666667 0.11481481481481481