0 0.41901041666666666 0.4787037037037037 0.09739583333333333 0.17685185185185184
0 0.6234375 0.5921296296296297 0.10572916666666667 0.1638888888888889
0 0.46640625 0.7111111111111111 0.11979166666666667 0.23148148148148148
0 0.5450520833333333 0.7671296296296296 0.0828125 0.16574074074074074
0 0.7197916666666667 0.6074074074074074 0.11302083333333333 0.19907407407407407
0 0.6260416666666667 0.8157407407407408 0.11979166666666667 0.2064814814814815
0 0.5473958333333333 0.9050925925925926 0.10729166666666666 0.18981481481481483
0 0.7200520833333334 0.7944444444444444 0.12291666666666666 0.19722222222222222
0 0.7958333333333333 0.5962962962962963 0.0921875 0.17037037037037037
0 0.7880208333333333 0.7532407407407408 0.10729166666666666 0.20277777777777778
0 0.5463541666666667 0.6324074074074074 0.10208333333333333 0.15648148148148147
0 0.24895833333333334 0.6712962962962963 0.14895833333333333 0.27870370370370373
0 0.44973958333333336 0.8935185185185185 0.14947916666666666 0.21296296296296297
0 0.11875 0.2662037037037037 0.075 0.1175925925925926
0 0.09322916666666667 0.4152777777777778 0.1046875 0.21666666666666667
0 0.8458333333333333 0.6699074074074074 0.0765625 0.1787037037037037
0 0.32265625 0.7578703703703704 0.19635416666666666 0.32685185185185184
0 0.32916666666666666 0.41203703703703703 0.10104166666666667 0.21203703703703702
0 0.6356770833333333 0.31527777777777777 0.06875 0.12777777777777777
0 0.36744791666666665 0.2851851851851852 0.06979166666666667 0.12129629629629629
0 0.08307291666666666 0.6111111111111112 0.1234375 0.2657407407407407
0 0.62890625 0.7162037037037037 0.11145833333333334 0.1527777777777778
0 0.9669270833333333 0.5685185185185185 0.06614583333333333 0.12407407407407407
0 0.042708333333333334 0.2152777777777778 0.0546875 0.11851851851851852
0 0.70859375 0.36203703703703705 0.07916666666666666 0.14351851851851852
0 0.5302083333333333 0.3050925925925926 0.07552083333333333 0.16111111111111112
0 0.3221354166666667 0.20555555555555555 0.09791666666666667 0.16574074074074074
0 0.20963541666666666 0.475462962962963 0.178125 0.3287037037037037
0 0.88203125 0.3851851851851852 0.07291666666666667 0.10277777777777777
0 0.8515625 0.31574074074074077 0.07447916666666667 0.10277777777777777
0 0.034895833333333334 0.41388888888888886 0.06979166666666667 0.1685185185185185
0 0.04114583333333333 0.7486111111111111 0.08229166666666667 0.19722222222222222
0 0.2703125 0.35 0.11458333333333333 0.2361111111111111
0 0.48515625 0.37546296296296294 0.11197916666666667 0.25462962962962965
0 0.4817708333333333 0.2152777777777778 0.0890625 0.1574074074074074
0 0.05182291666666667 0.31203703703703706 0.08072916666666667 0.16666666666666666
0 0.4010416666666667 0.2101851851851852 0.10572916666666667 0.14814814814814814
0 0.20572916666666666 0.3138888888888889 0.07760416666666667 0.175
0 0.68359375 0.24027777777777778 0.07395833333333333 0.11018518518518519
0 0.7559895833333333 0.3472222222222222 0.08229166666666667 0.13518518518518519
0 0.39557291666666666 0.31574074074074077 0.13229166666666667 0.2101851851851852
0 0.32526041666666666 0.11296296296296296 0.09583333333333334 0.1361111111111111
0 0.17421875 0.16296296296296298 0.07083333333333333 0.12962962962962962
0 0.9703125 0.4356481481481482 0.059375 0.14537037037037037
0 0.9200520833333333 0.3962962962962963 0.08229166666666667 0.15648148148148147
0 0.13385416666666666 0.12083333333333333 0.09479166666666666 0.11574074074074074
0 0.40182291666666664 0.12777777777777777 0.09375 0.12777777777777777
0 0.034375 0.5787037037037037 0.06875 0.23333333333333334
0 0.2604166666666667 0.17222222222222222 0.06875 0.12777777777777777
0 0.8981770833333333 0.2972222222222222 0.05364583333333333 0.07407407407407407
0 0.16848958333333333 0.38657407407407407 0.08229166666666667 0.1925925925925926
0 0.8135416666666667 0.43796296296296294 0.07239583333333334 0.1398148148148148
0 0.9653645833333333 0.7439814814814815 0.04635416666666667 0.11203703703703703
0 0.6252604166666667 0.9180555555555555 0.0953125 0.1638888888888889
0 0.5065104166666666 0.15046296296296297 0.08854166666666667 0.13518518518518519
0 0.5869791666666667 0.13842592592592592 0.1140625 0.22870370370370371
0 0.05625 0.12546296296296297 0.065625 0.1175925925925926
0 0.9231770833333334 0.7277777777777777 0.05364583333333333 0.11851851851851852
0 0.7018229166666666 0.1763888888888889 0.052083333333333336 0.08425925925925926
0 0.925 0.225 0.04791666666666667 0.07777777777777778
0 0.9877604166666667 0.3421296296296296 0.024479166666666666 0.09166666666666666
0 0.64453125 0.19074074074074074 0.08697916666666666 0.1175925925925926
0 0.9625 0.34675925925925927 0.058854166666666666 0.09907407407407408
0 0.8901041666666667 0.20555555555555555 0.043229166666666666 0.06944444444444445
0 0.4359375 0.10046296296296296 0.071875 0.10740740740740741
0 0.1171875 0.19398148148148148 0.10885416666666667 0.13796296296296295
0 0.43020833333333336 0.06111111111111111 0.059895833333333336 0.08611111111111111
0 0.9541666666666667 0.3023148148148148 0.06145833333333333 0.09537037037037037
0 0.640625 0.11527777777777778 0.05625 0.10092592592592593
0 0.36484375 0.05416666666666667 0.06041666666666667 0.08425925925925926
0 0.8526041666666667 0.22592592592592592 0.07760416666666667 0.1425925925925926
0 0.5744791666666667 0.08194444444444444 0.06666666666666667 0.1175925925925926
0 0.2716145833333333 0.24583333333333332 0.0890625 0.12407407407407407
0 0.7158854166666667 0.2847222222222222 0.11822916666666666 0.15833333333333333