0 0.7348958333333333 0.06388888888888888 0.10416666666666667 0.10555555555555556
0 0.6239583333333333 0.10833333333333334 0.14427083333333332 0.20833333333333334
0 0.8794270833333333 0.08148148148148149 0.11354166666666667 0.12129629629629629
0 0.8026041666666667 0.31296296296296294 0.16458333333333333 0.30185185185185187
0 0.26796875 0.29814814814814816 0.1296875 0.21296296296296297
0 0.9645833333333333 0.10833333333333334 0.07083333333333333 0.1648148148148148
0 0.5669270833333333 0.5351851851851852 0.10520833333333333 0.2111111111111111
0 0.6671875 0.3277777777777778 0.1671875 0.3212962962962963
0 0.77890625 0.513425925925926 0.09270833333333334 0.12037037037037036
0 0.6666666666666666 0.5425925925925926 0.12604166666666666 0.18888888888888888
0 0.57734375 0.30648148148148147 0.10052083333333334 0.2462962962962963
0 0.890625 0.425462962962963 0.12239583333333333 0.20833333333333334
0 0.0625 0.14444444444444443 0.07864583333333333 0.15648148148148147
0 0.6658854166666667 0.6675925925925926 0.0859375 0.1388888888888889
0 0.4484375 0.537962962962963 0.09635416666666667 0.2361111111111111
0 0.03203125 0.24166666666666667 0.057291666666666664 0.125
0 0.7653645833333333 0.6546296296296297 0.125 0.18796296296296297
0 0.93984375 0.3148148148148148 0.1203125 0.26666666666666666
0 0.76484375 0.8138888888888889 0.08177083333333333 0.1259259259259259
0 0.07447916666666667 0.38564814814814813 0.08385416666666666 0.10740740740740741
0 0.35260416666666666 0.49444444444444446 0.09791666666666667 0.17592592592592593
0 0.20078125 0.23333333333333334 0.12916666666666668 0.22314814814814815
0 0.46432291666666664 0.7462962962962963 0.05520833333333333 0.1175925925925926
0 0.87421875 0.5962962962962963 0.12916666666666668 0.21388888888888888
0 0.03177083333333333 0.5847222222222223 0.05364583333333333 0.08981481481481482
0 0.5768229166666666 0.6699074074074074 0.11510416666666666 0.17685185185185184
0 0.44453125 0.6606481481481481 0.07395833333333333 0.12962962962962962
0 0.7151041666666667 0.7532407407407408 0.09114583333333333 0.15
0 0.03697916666666667 0.375 0.07239583333333334 0.14444444444444443
0 0.8067708333333333 0.7060185185185185 0.08645833333333333 0.16574074074074074
0 0.1671875 0.5805555555555556 0.10364583333333334 0.14537037037037037
0 0.26015625 0.6277777777777778 0.07395833333333333 0.11388888888888889
0 0.109375 0.29305555555555557 0.103125 0.1814814814814815
0 0.971875 0.7134259259259259 0.049479166666666664 0.09444444444444444
0 0.18307291666666667 0.7462962962962963 0.06979166666666667 0.12777777777777777
0 0.16666666666666666 0.4388888888888889 0.10260416666666666 0.1935185185185185
0 0.34296875 0.7074074074074074 0.08645833333333333 0.12129629629629629
0 0.134375 0.12777777777777777 0.12291666666666666 0.17592592592592593
0 0.40130208333333334 0.8004629629629629 0.08020833333333334 0.10648148148148148
0 0.25833333333333336 0.4888888888888889 0.115625 0.2324074074074074
0 0.9119791666666667 0.812037037037037 0.058333333333333334 0.10740740740740741
0 0.20546875 0.649537037037037 0.0640625 0.125
0 0.32005208333333335 0.787962962962963 0.07395833333333333 0.09166666666666666
0 0.3497395833333333 0.5888888888888889 0.10104166666666667 0.1685185185185185
0 0.6453125 0.8481481481481481 0.09375 0.10740740740740741
0 0.9395833333333333 0.750462962962963 0.05364583333333333 0.08518518518518518
0 0.24505208333333334 0.75 0.06927083333333334 0.08796296296296297
0 0.8765625 0.8342592592592593 0.05260416666666667 0.09259259259259259
0 0.97109375 0.7657407407407407 0.05 0.1037037037037037
0 0.8799479166666667 0.7615740740740741 0.07864583333333333 0.09907407407407408
0 0.97265625 0.8263888888888888 0.044270833333333336 0.07592592592592592
0 0.57734375 0.8027777777777778 0.07760416666666667 0.09074074074074075
0 0.01953125 0.6638888888888889 0.0390625 0.09074074074074075
0 0.2703125 0.7921296296296296 0.051041666666666666 0.06574074074074074
0 0.13072916666666667 0.7027777777777777 0.0671875 0.08148148148148149
0 0.11901041666666666 0.6430555555555556 0.06875 0.08518518518518518
0 0.34348958333333335 0.8305555555555556 0.05572916666666667 0.0712962962962963
0 0.83125 0.8791666666666667 0.058333333333333334 0.06481481481481481
0 0.3997395833333333 0.8550925925925926 0.05520833333333333 0.05740740740740741
0 0.9341145833333333 0.8402777777777778 0.046875 0.07407407407407407
0 0.22994791666666667 0.8027777777777778 0.05520833333333333 0.08333333333333333