0 0.5182291666666666 0.37546296296296294 0.17135416666666667 0.2722222222222222
0 0.525 0.5578703703703703 0.171875 0.2462962962962963
0 0.5809895833333333 0.7458333333333333 0.18333333333333332 0.3055555555555556
0 0.5776041666666667 0.20185185185185187 0.14375 0.2824074074074074
0 0.6684895833333333 0.4152777777777778 0.18802083333333333 0.3111111111111111
0 0.6546875 0.5842592592592593 0.17239583333333333 0.2953703703703704
0 0.4078125 0.7194444444444444 0.1203125 0.22314814814814815
0 0.49713541666666666 0.7152777777777778 0.14583333333333334 0.22777777777777777
0 0.41380208333333335 0.4134259259259259 0.16875 0.3101851851851852
0 0.415625 0.5712962962962963 0.09739583333333333 0.17777777777777778
0 0.4739583333333333 0.08333333333333333 0.1 0.16666666666666666
0 0.5690104166666666 0.03287037037037037 0.10052083333333334 0.06574074074074074
0 0.5528645833333333 0.8939814814814815 0.13958333333333334 0.1925925925925926
0 0.36432291666666666 0.7921296296296296 0.10052083333333334 0.20462962962962963
0 0.6807291666666667 0.16620370370370371 0.15104166666666666 0.30833333333333335
0 0.6434895833333333 0.05787037037037037 0.12135416666666667 0.11574074074074074
0 0.3684895833333333 0.5768518518518518 0.09270833333333334 0.18888888888888888
0 0.3328125 0.6458333333333334 0.0765625 0.1675925925925926
0 0.44036458333333334 0.9851851851851852 0.0703125 0.02962962962962963
0 0.41302083333333334 0.8740740740740741 0.0796875 0.14444444444444443
0 0.34375 0.4587962962962963 0.08385416666666666 0.15833333333333333
0 0.49244791666666665 0.8768518518518519 0.08854166666666667 0.14629629629629629
0 0.3020833333333333 0.4847222222222222 0.08177083333333333 0.175
0 0.26640625 0.3560185185185185 0.10989583333333333 0.13055555555555556
0 0.51328125 0.15046296296296297 0.0890625 0.19074074074074074
0 0.3390625 0.15462962962962962 0.0796875 0.1361111111111111
0 0.5255208333333333 0.04814814814814815 0.07604166666666666 0.0962962962962963
0 0.32864583333333336 0.08101851851851852 0.06197916666666667 0.06388888888888888
0 0.2565104166666667 0.42453703703703705 0.075 0.12222222222222222
0 0.31588541666666664 0.7680555555555556 0.050520833333333334 0.11203703703703703
0 0.28125 0.5175925925925926 0.04635416666666667 0.10092592592592593
0 0.29583333333333334 0.6578703703703703 0.057291666666666664 0.11944444444444445