0 0.5778645833333333 0.6240740740740741 0.09947916666666666 0.1685185185185185
0 0.37552083333333336 0.5430555555555555 0.06145833333333333 0.11018518518518519
0 0.4010416666666667 0.638425925925926 0.058333333333333334 0.1175925925925926
0 0.6268229166666667 0.39166666666666666 0.10260416666666666 0.18425925925925926
0 0.6010416666666667 0.23055555555555557 0.10729166666666666 0.2101851851851852
0 0.5169270833333334 0.22685185185185186 0.11666666666666667 0.21203703703703702
0 0.5770833333333333 0.09861111111111111 0.1109375 0.18981481481481483
0 0.4979166666666667 0.08472222222222223 0.0890625 0.1638888888888889
0 0.6721354166666667 0.6537037037037037 0.12708333333333333 0.21851851851851853
0 0.5208333333333334 0.4 0.09479166666666666 0.18518518518518517
0 0.6 0.5143518518518518 0.07708333333333334 0.15648148148148147
0 0.4901041666666667 0.7305555555555555 0.10729166666666666 0.16944444444444445
0 0.6682291666666667 0.5013888888888889 0.11614583333333334 0.20462962962962963
0 0.5369791666666667 0.03333333333333333 0.09895833333333333 0.06666666666666667
0 0.5770833333333333 0.9050925925925926 0.11666666666666667 0.18425925925925926
0 0.5408854166666667 0.5087962962962963 0.0859375 0.175
0 0.38385416666666666 0.27824074074074073 0.084375 0.13796296296296295
0 0.49583333333333335 0.8356481481481481 0.15416666666666667 0.20185185185185187
0 0.37734375 0.41944444444444445 0.10052083333333334 0.1574074074074074
0 0.37578125 0.8439814814814814 0.07239583333333334 0.1398148148148148
0 0.6213541666666667 0.8287037037037037 0.1515625 0.26666666666666666
0 0.49635416666666665 0.9365740740740741 0.140625 0.12685185185185185
0 0.36484375 0.7226851851851852 0.06822916666666666 0.13796296296296295
0 0.321875 0.7388888888888889 0.06666666666666667 0.1425925925925926
0 0.3307291666666667 0.2912037037037037 0.06041666666666667 0.12962962962962962
0 0.37083333333333335 0.1675925925925926 0.058333333333333334 0.11481481481481481
0 0.2872395833333333 0.4398148148148148 0.09895833333333333 0.1638888888888889
0 0.4393229166666667 0.9101851851851852 0.09947916666666666 0.15092592592592594
0 0.4171875 0.0587962962962963 0.0796875 0.10092592592592593
0 0.43671875 0.9662037037037037 0.07552083333333333 0.06759259259259259
0 0.37109375 0.9925925925925926 0.0578125 0.014814814814814815
0 0.35546875 0.6162037037037037 0.06145833333333333 0.12037037037037036
0 0.4166666666666667 0.725925925925926 0.09791666666666667 0.15648148148148147
0 0.32708333333333334 0.8412037037037037 0.059895833333333336 0.12407407407407407
0 0.571875 0.37453703703703706 0.0671875 0.1574074074074074
0 0.321875 0.5518518518518518 0.08697916666666666 0.14351851851851852
0 0.33151041666666664 0.6314814814814815 0.04583333333333333 0.09259259259259259
0 0.2953125 0.7736111111111111 0.0421875 0.09722222222222222
0 0.37005208333333334 0.9175925925925926 0.06354166666666666 0.11018518518518519
0 0.34010416666666665 0.1986111111111111 0.05260416666666667 0.11018518518518519
0 0.2765625 0.30092592592592593 0.0625 0.1175925925925926
0 0.4434895833333333 0.36944444444444446 0.10520833333333333 0.2111111111111111
0 0.3 0.22592592592592592 0.06041666666666667 0.13055555555555556