0 0.3921875 0.20555555555555555 0.1046875 0.16203703703703703
0 0.3729166666666667 0.3486111111111111 0.125 0.17962962962962964
0 0.46536458333333336 0.35 0.12552083333333333 0.21296296296296297
0 0.31744791666666666 0.17777777777777778 0.08645833333333333 0.2064814814814815
0 0.49322916666666666 0.06018518518518518 0.11041666666666666 0.12037037037037036
0 0.45546875 0.5907407407407408 0.1359375 0.20092592592592592
0 0.4036458333333333 0.07731481481481481 0.11145833333333334 0.15462962962962962
0 0.4622395833333333 0.8981481481481481 0.12135416666666667 0.16203703703703703
0 0.4 0.7240740740740741 0.14114583333333333 0.21296296296296297
0 0.5291666666666667 0.6981481481481482 0.10104166666666667 0.18425925925925926
0 0.5125 0.9763888888888889 0.10208333333333333 0.04722222222222222
0 0.44609375 0.1736111111111111 0.10833333333333334 0.225
0 0.6158854166666666 0.9476851851851852 0.07552083333333333 0.10462962962962963
0 0.5104166666666666 0.15555555555555556 0.11354166666666667 0.2037037037037037
0 0.64609375 0.3277777777777778 0.07135416666666666 0.13148148148148148
0 0.5997395833333333 0.2064814814814815 0.11197916666666667 0.20555555555555555
0 0.5278645833333333 0.4134259259259259 0.1625 0.23425925925925925
0 0.5752604166666667 0.5930555555555556 0.08541666666666667 0.09814814814814815
0 0.6216145833333333 0.6782407407407407 0.05520833333333333 0.10185185185185185
0 0.6036458333333333 0.36157407407407405 0.06458333333333334 0.12407407407407407
0 0.6671875 0.6893518518518519 0.06458333333333334 0.10092592592592593
0 0.571875 0.8106481481481481 0.0921875 0.13703703703703704
0 0.5997395833333333 0.49675925925925923 0.06927083333333334 0.11203703703703703
0 0.5908854166666667 0.08101851851851852 0.07708333333333334 0.1361111111111111
0 0.6674479166666667 0.41388888888888886 0.08645833333333333 0.1425925925925926
0 0.33515625 0.07824074074074074 0.07447916666666667 0.15648148148148147
0 0.65625 0.586574074074074 0.06354166666666666 0.10555555555555556
0 0.5044270833333333 0.25555555555555554 0.125 0.1638888888888889
0 0.67421875 0.1087962962962963 0.07604166666666666 0.13425925925925927
0 0.5794270833333334 0.8712962962962963 0.09322916666666667 0.14351851851851852
0 0.5565104166666667 0.9907407407407407 0.04635416666666667 0.018518518518518517
0 0.6575520833333334 0.9259259259259259 0.050520833333333334 0.09444444444444444
0 0.625 0.5476851851851852 0.06770833333333333 0.10185185185185185
0 0.653125 0.19212962962962962 0.05364583333333333 0.12037037037037036
0 0.69765625 0.32407407407407407 0.058333333333333334 0.11296296296296296
0 0.7036458333333333 0.4152777777777778 0.0484375 0.10277777777777777
0 0.6984375 0.2111111111111111 0.058854166666666666 0.13796296296296295
0 0.6958333333333333 0.6597222222222222 0.04739583333333333 0.08425925925925926
0 0.6518229166666667 0.9583333333333334 0.0546875 0.08333333333333333
0 0.6755208333333333 0.5060185185185185 0.075 0.10833333333333334
0 0.6302083333333334 0.08981481481481482 0.058333333333333334 0.12037037037037036
0 0.6479166666666667 0.8703703703703703 0.07135416666666666 0.10555555555555556