0 0.39791666666666664 0.19907407407407407 0.10677083333333333 0.16666666666666666
0 0.37604166666666666 0.34074074074074073 0.12708333333333333 0.18518518518518517
0 0.46848958333333335 0.3476851851851852 0.128125 0.21851851851851853
0 0.32395833333333335 0.16666666666666666 0.08958333333333333 0.20925925925925926
0 0.5018229166666667 0.06157407407407407 0.11197916666666667 0.12314814814814815
0 0.45390625 0.5879629629629629 0.13854166666666667 0.2074074074074074
0 0.4127604166666667 0.07546296296296297 0.1140625 0.15092592592592594
0 0.4544270833333333 0.8958333333333334 0.12291666666666666 0.1675925925925926
0 0.39557291666666666 0.7175925925925926 0.14375 0.21944444444444444
0 0.5252604166666667 0.7 0.103125 0.18888888888888888
0 0.5026041666666666 0.975 0.10208333333333333 0.05
0 0.45234375 0.17083333333333334 0.11145833333333334 0.22870370370370371
0 0.6067708333333334 0.950462962962963 0.07708333333333334 0.09907407407407408
0 0.5171875 0.15648148148148147 0.11666666666666667 0.20833333333333334
0 0.6494791666666667 0.337037037037037 0.07291666666666667 0.13425925925925927
0 0.60546875 0.21296296296296297 0.11458333333333333 0.2101851851851852
0 0.5294270833333333 0.4152777777777778 0.16510416666666666 0.24166666666666667
0 0.5734375 0.5976851851851852 0.08645833333333333 0.10185185185185185
0 0.61796875 0.6856481481481481 0.05677083333333333 0.10462962962962963
0 0.6065104166666667 0.3680555555555556 0.06614583333333333 0.1259259259259259
0 0.66328125 0.6995370370370371 0.065625 0.1037037037037037
0 0.565625 0.8148148148148148 0.09375 0.14074074074074075
0 0.5997395833333333 0.5027777777777778 0.07083333333333333 0.11574074074074074
0 0.5989583333333334 0.08703703703703704 0.07864583333333333 0.1388888888888889
0 0.6690104166666667 0.42453703703703705 0.08802083333333334 0.14629629629629629
0 0.34348958333333335 0.07407407407407407 0.0765625 0.14814814814814814
0 0.6544270833333333 0.5962962962962963 0.06510416666666667 0.10833333333333334
0 0.509375 0.25555555555555554 0.1265625 0.17037037037037037
0 0.6817708333333333 0.11990740740740741 0.07760416666666667 0.13703703703703704
0 0.571875 0.8759259259259259 0.0953125 0.14722222222222223
0 0.546875 0.9921296296296296 0.046875 0.01574074074074074
0 0.64921875 0.9356481481481481 0.052083333333333336 0.0962962962962963
0 0.6239583333333333 0.5550925925925926 0.06875 0.10555555555555556
0 0.6591145833333333 0.20185185185185187 0.05520833333333333 0.12129629629629629
0 0.7010416666666667 0.3365740740740741 0.059895833333333336 0.11481481481481481
0 0.7052083333333333 0.42777777777777776 0.05 0.10462962962962963
0 0.70390625 0.22361111111111112 0.0609375 0.1398148148148148
0 0.6927083333333334 0.6717592592592593 0.04895833333333333 0.08703703703703704
0 0.6421875 0.9625 0.05625 0.075
0 0.6752604166666667 0.5166666666666667 0.07604166666666666 0.1111111111111111
0 0.63828125 0.09814814814814815 0.06041666666666667 0.12314814814814815
0 0.640625 0.8791666666666667 0.07239583333333334 0.10925925925925926