0 0.23697916666666666 0.8652777777777778 0.10364583333333334 0.17222222222222222
0 0.3455729166666667 0.8412037037037037 0.1296875 0.20555555555555555
0 0.19869791666666667 0.5986111111111111 0.14166666666666666 0.23981481481481481
0 0.4393229166666667 0.4412037037037037 0.08385416666666666 0.16666666666666666
0 0.11744791666666667 0.8347222222222223 0.0921875 0.16574074074074074
0 0.7033854166666667 0.7638888888888888 0.1171875 0.16944444444444445
0 0.24322916666666666 0.43796296296296294 0.09427083333333333 0.1287037037037037
0 0.6356770833333333 0.5578703703703703 0.10052083333333334 0.20092592592592592
0 0.40651041666666665 0.6657407407407407 0.09583333333333334 0.2324074074074074
0 0.03723958333333333 0.7569444444444444 0.07447916666666667 0.15648148148148147
0 0.95078125 0.9009259259259259 0.06614583333333333 0.13518518518518519
0 0.3223958333333333 0.6222222222222222 0.153125 0.2796296296296296
0 0.34479166666666666 0.42962962962962964 0.11510416666666666 0.17685185185185184
0 0.2890625 0.9472222222222222 0.09322916666666667 0.07592592592592592
0 0.5713541666666667 0.3541666666666667 0.06927083333333334 0.1111111111111111
0 0.7578125 0.8486111111111111 0.13958333333333334 0.23425925925925925
0 0.5606770833333333 0.4837962962962963 0.08958333333333333 0.2212962962962963
0 0.153125 0.36018518518518516 0.09322916666666667 0.14722222222222223
0 0.06692708333333333 0.5810185185185185 0.13385416666666666 0.24537037037037038
0 0.13723958333333333 0.49537037037037035 0.109375 0.18333333333333332
0 0.35911458333333335 0.30324074074074076 0.0875 0.14444444444444443
0 0.44869791666666664 0.31342592592592594 0.10833333333333334 0.16111111111111112
0 0.7528645833333333 0.4337962962962963 0.0890625 0.1361111111111111
0 0.9239583333333333 0.7328703703703704 0.09010416666666667 0.11944444444444445
0 0.8192708333333333 0.4981481481481482 0.09166666666666666 0.14907407407407408
0 0.9127604166666666 0.9453703703703704 0.08385416666666666 0.10925925925925926
0 0.31953125 0.2074074074074074 0.0875 0.14907407407407408
0 0.8244791666666667 0.6606481481481481 0.11302083333333333 0.19722222222222222
0 0.042708333333333334 0.28564814814814815 0.07395833333333333 0.1638888888888889
0 0.08072916666666667 0.22824074074074074 0.06822916666666666 0.1388888888888889
0 0.8619791666666666 0.3175925925925926 0.07708333333333334 0.14907407407407408
0 0.26328125 0.300462962962963 0.11666666666666667 0.19166666666666668
0 0.28177083333333336 0.14814814814814814 0.07864583333333333 0.12685185185185185
0 0.23567708333333334 0.23055555555555557 0.09375 0.1537037037037037
0 0.047135416666666666 0.40370370370370373 0.09427083333333333 0.22037037037037038
0 0.8268229166666666 0.9416666666666667 0.1328125 0.11666666666666667
0 0.86640625 0.8291666666666667 0.115625 0.18796296296296297
0 0.7377604166666667 0.5814814814814815 0.12760416666666666 0.24074074074074073
0 0.28515625 0.08888888888888889 0.08697916666666666 0.08518518518518518
0 0.7692708333333333 0.3537037037037037 0.0828125 0.12407407407407407
0 0.68046875 0.33101851851851855 0.09010416666666667 0.13703703703703704
0 0.9682291666666667 0.7657407407407407 0.05260416666666667 0.12962962962962962
0 0.6609375 0.46296296296296297 0.1078125 0.18888888888888888
0 0.15130208333333334 0.27361111111111114 0.08854166666666667 0.125
0 0.7184895833333333 0.24953703703703703 0.08333333333333333 0.1111111111111111
0 0.5669270833333333 0.25601851851851853 0.058333333333333334 0.12037037037037036
0 0.8114583333333333 0.41898148148148145 0.07083333333333333 0.12314814814814815
0 0.07005208333333333 0.15694444444444444 0.071875 0.10833333333333334
0 0.62890625 0.22037037037037038 0.09791666666666667 0.1527777777777778
0 0.40260416666666665 0.11296296296296296 0.0734375 0.09722222222222222
0 0.45729166666666665 0.18611111111111112 0.0734375 0.11203703703703703
0 0.7979166666666667 0.2912037037037037 0.06979166666666667 0.11018518518518519
0 0.9151041666666667 0.44814814814814813 0.07760416666666667 0.10648148148148148
0 0.17552083333333332 0.09675925925925925 0.059895833333333336 0.09537037037037037
0 0.13854166666666667 0.10694444444444444 0.06770833333333333 0.12037037037037036
0 0.90546875 0.37453703703703706 0.07916666666666666 0.10740740740740741
0 0.7713541666666667 0.24305555555555555 0.049479166666666664 0.07777777777777778
0 0.8177083333333334 0.2412037037037037 0.053125 0.09259259259259259
0 0.23151041666666666 0.058333333333333334 0.08020833333333334 0.075
0 0.08046875 0.08611111111111111 0.06145833333333333 0.07407407407407407
0 0.9768229166666667 0.5675925925925925 0.04635416666666667 0.1814814814814815
0 0.7026041666666667 0.18796296296296297 0.06197916666666667 0.09259259259259259