0 0.23880208333333333 0.11342592592592593 0.059375 0.18518518518518517
0 0.2716145833333333 0.3074074074074074 0.1171875 0.2564814814814815
0 0.37578125 0.0625 0.16666666666666666 0.12037037037037036
0 0.40234375 0.9050925925925926 0.11927083333333334 0.18981481481481483
0 0.5151041666666667 0.37916666666666665 0.11875 0.18703703703703703
0 0.39166666666666666 0.2152777777777778 0.18072916666666666 0.2972222222222222
0 0.48880208333333336 0.043055555555555555 0.06614583333333333 0.08611111111111111
0 0.5125 0.2013888888888889 0.10625 0.22407407407407406
0 0.3859375 0.3763888888888889 0.13854166666666667 0.1787037037037037
0 0.5825520833333333 0.19444444444444445 0.078125 0.1527777777777778
0 0.525 0.5888888888888889 0.1328125 0.1712962962962963
0 0.56875 0.06435185185185185 0.10416666666666667 0.1287037037037037
0 0.6578125 0.04027777777777778 0.06979166666666667 0.08055555555555556
0 0.5072916666666667 0.7615740740740741 0.09895833333333333 0.17407407407407408
0 0.36953125 0.9671296296296297 0.12239583333333333 0.06574074074074074
0 0.640625 0.5458333333333333 0.06614583333333333 0.09814814814814815
0 0.58984375 0.35185185185185186 0.09947916666666666 0.20462962962962963
0 0.5940104166666667 0.5875 0.07291666666666667 0.13148148148148148
0 0.6270833333333333 0.10046296296296296 0.084375 0.16203703703703703
0 0.5885416666666666 0.9166666666666666 0.0640625 0.13148148148148148
0 0.62734375 0.7638888888888888 0.06822916666666666 0.1537037037037037
0 0.6755208333333333 0.6541666666666667 0.059895833333333336 0.1425925925925926
0 0.5098958333333333 0.912962962962963 0.13020833333333334 0.17407407407407408
0 0.6033854166666667 0.975462962962963 0.06875 0.041666666666666664
0 0.67421875 0.799074074074074 0.0515625 0.13148148148148148
0 0.5604166666666667 0.7601851851851852 0.09479166666666666 0.17962962962962964
0 0.68515625 0.21805555555555556 0.06041666666666667 0.16666666666666666
0 0.6578125 0.9324074074074075 0.049479166666666664 0.11851851851851852
0 0.6643229166666667 0.3416666666666667 0.051041666666666666 0.13796296296296295
0 0.6799479166666667 0.8865740740740741 0.03697916666666667 0.09074074074074075
0 0.6966145833333334 0.7546296296296297 0.04010416666666667 0.09907407407407408
0 0.70625 0.6532407407407408 0.03229166666666667 0.09814814814814815
0 0.6885416666666667 0.9490740740740741 0.04635416666666667 0.08148148148148149