0 0.6536458333333334 0.7208333333333333 0.10052083333333334 0.15185185185185185
0 0.6471354166666666 0.5740740740740741 0.1203125 0.1675925925925926
0 0.5588541666666667 0.6236111111111111 0.11979166666666667 0.20185185185185187
0 0.7296875 0.7060185185185185 0.08020833333333334 0.20092592592592592
0 0.5846354166666666 0.9263888888888889 0.10729166666666666 0.13703703703703704
0 0.5265625 0.38935185185185184 0.13125 0.18796296296296297
0 0.6697916666666667 0.875 0.10572916666666667 0.20092592592592592
0 0.4666666666666667 0.10046296296296296 0.11770833333333333 0.15
0 0.55625 0.23194444444444445 0.1359375 0.2
0 0.43776041666666665 0.32731481481481484 0.09583333333333334 0.17592592592592593
0 0.3151041666666667 0.04953703703703704 0.05260416666666667 0.037037037037037035
0 0.40260416666666665 0.03935185185185185 0.10104166666666667 0.06481481481481481
0 0.6786458333333333 0.9453703703703704 0.05625 0.05
0 0.6080729166666666 0.7805555555555556 0.1015625 0.21574074074074073
0 0.3109375 0.13194444444444445 0.07291666666666667 0.11018518518518519
0 0.55 0.8333333333333334 0.10833333333333334 0.1935185185185185
0 0.39088541666666665 0.7439814814814815 0.06770833333333333 0.125
0 0.45625 0.8337962962962963 0.10625 0.1962962962962963
0 0.2942708333333333 0.06666666666666667 0.04583333333333333 0.06018518518518518
0 0.48854166666666665 0.5976851851851852 0.15677083333333333 0.21851851851851853
0 0.4122395833333333 0.4527777777777778 0.08333333333333333 0.08888888888888889
0 0.3533854166666667 0.3972222222222222 0.05260416666666667 0.09722222222222222
0 0.42552083333333335 0.6888888888888889 0.0609375 0.11851851851851852
0 0.30807291666666664 0.4115740740740741 0.06197916666666667 0.09537037037037037
0 0.3776041666666667 0.2439814814814815 0.08854166666666667 0.12777777777777777
0 0.40572916666666664 0.5578703703703703 0.06614583333333333 0.10555555555555556
0 0.4859375 0.9421296296296297 0.07291666666666667 0.11574074074074074
0 0.35572916666666665 0.6736111111111112 0.0828125 0.13518518518518519
0 0.7302083333333333 0.8111111111111111 0.06979166666666667 0.1527777777777778
0 0.33619791666666665 0.5037037037037037 0.0609375 0.1
0 0.53828125 0.7351851851851852 0.12135416666666667 0.15185185185185185
0 0.40234375 0.9513888888888888 0.07239583333333334 0.09722222222222222
0 0.36015625 0.19074074074074074 0.08958333333333333 0.13425925925925927
0 0.26484375 0.05648148148148148 0.03958333333333333 0.025925925925925925
0 0.35703125 0.047685185185185185 0.0453125 0.049074074074074076
0 0.2760416666666667 0.1814814814814815 0.04791666666666667 0.08981481481481482
0 0.3729166666666667 0.5236111111111111 0.06510416666666667 0.09537037037037037
0 0.4080729166666667 0.8768518518518519 0.05 0.11574074074074074
0 0.3424479166666667 0.7759259259259259 0.05520833333333333 0.10833333333333334
0 0.32109375 0.6925925925925925 0.0453125 0.09907407407407408
0 0.3614583333333333 0.8837962962962963 0.0546875 0.13333333333333333
0 0.2859375 0.45555555555555555 0.0453125 0.08055555555555556
0 0.27265625 0.1287037037037037 0.051041666666666666 0.1175925925925926
0 0.23177083333333334 0.0837962962962963 0.05520833333333333 0.06851851851851852
0 0.33203125 0.5907407407407408 0.07239583333333334 0.10092592592592593
0 0.4471354166666667 0.9513888888888888 0.0546875 0.09722222222222222
0 0.2950520833333333 0.22916666666666666 0.06822916666666666 0.09907407407407408