0 0.7239583333333334 0.9287037037037037 0.06770833333333333 0.1425925925925926
0 0.70859375 0.7537037037037037 0.12864583333333332 0.2722222222222222
0 0.584375 0.9467592592592593 0.17083333333333334 0.10648148148148148
0 0.63203125 0.12175925925925926 0.128125 0.21574074074074073
0 0.4744791666666667 0.6152777777777778 0.1265625 0.20277777777777778
0 0.5817708333333333 0.8111111111111111 0.19322916666666667 0.32222222222222224
0 0.4708333333333333 0.9527777777777777 0.06979166666666667 0.09444444444444444
0 0.46145833333333336 0.7916666666666666 0.11614583333333334 0.23796296296296296
0 0.6015625 0.6537037037037037 0.14583333333333334 0.19814814814814816
0 0.39140625 0.7791666666666667 0.08489583333333334 0.16296296296296298
0 0.4830729166666667 0.40555555555555556 0.14010416666666667 0.18981481481481483
0 0.39296875 0.9143518518518519 0.10989583333333333 0.1527777777777778
0 0.3026041666666667 0.9152777777777777 0.07395833333333333 0.1037037037037037
0 0.5158854166666667 0.23935185185185184 0.10677083333333333 0.18796296296296297
0 0.6703125 0.06898148148148148 0.125 0.0962962962962963
0 0.3651041666666667 0.41574074074074074 0.07083333333333333 0.10740740740740741
0 0.39817708333333335 0.6212962962962963 0.10885416666666667 0.21851851851851853
0 0.41484375 0.3875 0.07864583333333333 0.14074074074074075
0 0.33932291666666664 0.8592592592592593 0.09166666666666666 0.175
0 0.44895833333333335 0.06666666666666667 0.06979166666666667 0.13333333333333333
0 0.39739583333333334 0.2037037037037037 0.075 0.16296296296296298
0 0.34010416666666665 0.29907407407407405 0.06614583333333333 0.15
0 0.5260416666666666 0.09259259259259259 0.1375 0.18518518518518517
0 0.4388020833333333 0.013888888888888888 0.0703125 0.027777777777777776
0 0.3541666666666667 0.15601851851851853 0.057291666666666664 0.13796296296296295
0 0.46328125 0.22592592592592592 0.103125 0.1925925925925926
0 0.2921875 0.7268518518518519 0.06822916666666666 0.175
0 0.38177083333333334 0.04537037037037037 0.05520833333333333 0.09074074074074075
0 0.32369791666666664 0.6106481481481482 0.057291666666666664 0.14444444444444443
0 0.35651041666666666 0.06805555555555555 0.04114583333333333 0.0962962962962963
0 0.32838541666666665 0.19398148148148148 0.044270833333333336 0.10462962962962963
0 0.30963541666666666 0.2916666666666667 0.036458333333333336 0.10185185185185185
0 0.353125 0.023148148148148147 0.05 0.046296296296296294