0 0.50625 0.35509259259259257 0.09479166666666666 0.1638888888888889
0 0.45703125 0.725 0.0859375 0.17962962962962964
0 0.37916666666666665 0.4550925925925926 0.12395833333333334 0.20092592592592592
0 0.353125 0.5986111111111111 0.0890625 0.13796296296296295
0 0.4552083333333333 0.8972222222222223 0.10625 0.19074074074074074
0 0.33151041666666664 0.7458333333333333 0.10989583333333333 0.20185185185185187
0 0.27421875 0.6129629629629629 0.1046875 0.18055555555555555
0 0.35078125 0.8953703703703704 0.10260416666666666 0.17962962962962964
0 0.46901041666666665 0.9768518518518519 0.0859375 0.046296296296296294
0 0.3809895833333333 0.9648148148148148 0.10260416666666666 0.05277777777777778
0 0.42890625 0.5916666666666667 0.08229166666666667 0.17407407407407408
0 0.3854166666666667 0.09537037037037037 0.14791666666666667 0.19074074074074074
0 0.27317708333333335 0.4388888888888889 0.115625 0.25462962962962965
0 0.34270833333333334 0.2037037037037037 0.17291666666666666 0.33240740740740743
0 0.5375 0.19074074074074074 0.11458333333333333 0.1675925925925926
0 0.61328125 0.7277777777777777 0.06822916666666666 0.11481481481481481
0 0.6114583333333333 0.25 0.06458333333333334 0.1175925925925926
0 0.3875 0.7435185185185185 0.07916666666666666 0.19074074074074074
0 0.5921875 0.8601851851851852 0.0765625 0.13240740740740742
0 0.6114583333333333 0.5402777777777777 0.08697916666666666 0.125
0 0.6526041666666667 0.1638888888888889 0.08802083333333334 0.16574074074074074
0 0.4895833333333333 0.06620370370370371 0.16770833333333332 0.13240740740740742
0 0.5674479166666667 0.08842592592592592 0.1265625 0.17685185185185184
0 0.5690104166666666 0.4652777777777778 0.13802083333333334 0.18425925925925926
0 0.65859375 0.44814814814814813 0.08385416666666666 0.15
0 0.6557291666666667 0.30462962962962964 0.07760416666666667 0.18055555555555555
0 0.6583333333333333 0.8078703703703703 0.0578125 0.1259259259259259
0 0.6036458333333333 0.9365740740740741 0.071875 0.12685185185185185
0 0.59609375 0.3023148148148148 0.1109375 0.22407407407407406
0 0.7049479166666667 0.16296296296296298 0.07083333333333333 0.1638888888888889
0 0.7020833333333333 0.3 0.06666666666666667 0.16018518518518518
0 0.6661458333333333 0.06435185185185185 0.0671875 0.08981481481481482
0 0.26640625 0.7527777777777778 0.10260416666666666 0.15925925925925927
0 0.6966145833333334 0.4875 0.07135416666666666 0.15
0 0.7091145833333333 0.6291666666666667 0.12239583333333333 0.18981481481481483
0 0.6958333333333333 0.8351851851851851 0.044270833333333336 0.08796296296296297
0 0.68359375 0.7347222222222223 0.0609375 0.14907407407407408
0 0.7197916666666667 0.35833333333333334 0.05625 0.12222222222222222
0 0.74140625 0.3453703703703704 0.0453125 0.10185185185185185
0 0.7255208333333333 0.7222222222222222 0.05364583333333333 0.09444444444444444
0 0.740625 0.22916666666666666 0.044270833333333336 0.10277777777777777
0 0.73984375 0.6027777777777777 0.0625 0.11296296296296296
0 0.6263020833333334 0.0837962962962963 0.0640625 0.1398148148148148
0 0.6359375 0.8675925925925926 0.08229166666666667 0.2037037037037037