0 0.5375 0.6699074074074074 0.12135416666666667 0.22685185185185186
0 0.35494791666666664 0.7486111111111111 0.11927083333333334 0.24074074074074073
0 0.5893229166666667 0.8773148148148148 0.12395833333333334 0.24166666666666667
0 0.6817708333333333 0.8805555555555555 0.1375 0.2388888888888889
0 0.43046875 0.812037037037037 0.11510416666666666 0.22037037037037038
0 0.26015625 0.6541666666666667 0.12291666666666666 0.2064814814814815
0 0.6919270833333333 0.6694444444444444 0.1359375 0.25092592592592594
0 0.2682291666666667 0.8393518518518519 0.1484375 0.26481481481481484
0 0.10026041666666667 0.6865740740740741 0.11302083333333333 0.2037037037037037
0 0.1828125 0.5916666666666667 0.09427083333333333 0.16296296296296298
0 0.3932291666666667 0.4046296296296296 0.0984375 0.15833333333333333
0 0.59921875 0.6032407407407407 0.12447916666666667 0.24166666666666667
0 0.8028645833333333 0.787962962962963 0.09739583333333333 0.17777777777777778
0 0.9583333333333334 0.6564814814814814 0.07760416666666667 0.15648148148148147
0 0.34713541666666664 0.9162037037037037 0.10572916666666667 0.14166666666666666
0 0.5684895833333333 0.46296296296296297 0.0984375 0.15833333333333333
0 0.1765625 0.7564814814814815 0.10052083333333334 0.2111111111111111
0 0.3671875 0.32175925925925924 0.0796875 0.1037037037037037
0 0.30885416666666665 0.5435185185185185 0.1296875 0.2657407407407407
0 0.4861979166666667 0.3907407407407407 0.06822916666666666 0.125
0 0.55 0.350462962962963 0.08697916666666666 0.13796296296296295
0 0.7697916666666667 0.6347222222222222 0.10104166666666667 0.20555555555555555
0 0.28359375 0.28055555555555556 0.06875 0.11944444444444445
0 0.45390625 0.9046296296296297 0.11927083333333334 0.19074074074074074
0 0.80546875 0.44305555555555554 0.071875 0.12129629629629629
0 0.9268229166666667 0.36342592592592593 0.04739583333333333 0.10555555555555556
0 0.8294270833333334 0.48518518518518516 0.059375 0.11666666666666667
0 0.25026041666666665 0.4625 0.058854166666666666 0.11388888888888889
0 0.6341145833333334 0.38935185185185184 0.10052083333333334 0.15833333333333333
0 0.19375 0.43333333333333335 0.08958333333333333 0.1638888888888889
0 0.7994791666666666 0.32731481481481484 0.08020833333333334 0.12037037037037036
0 0.7575520833333333 0.850925925925926 0.06770833333333333 0.15185185185185185
0 0.7755208333333333 0.5009259259259259 0.06145833333333333 0.1175925925925926
0 0.3776041666666667 0.5171296296296296 0.11354166666666667 0.22037037037037038
0 0.29765625 0.4861111111111111 0.0765625 0.125
0 0.40234375 0.2537037037037037 0.06822916666666666 0.10925925925925926
0 0.3341145833333333 0.2773148148148148 0.07395833333333333 0.1
0 0.771875 0.9222222222222223 0.109375 0.15555555555555556
0 0.7208333333333333 0.41064814814814815 0.10364583333333334 0.16574074074074074
0 0.7229166666666667 0.49398148148148147 0.07708333333333334 0.125
0 0.9809895833333333 0.5550925925925926 0.03802083333333333 0.11203703703703703
0 0.6260416666666667 0.30833333333333335 0.06979166666666667 0.08981481481481482
0 0.26119791666666664 0.37916666666666665 0.0703125 0.1259259259259259
0 0.9033854166666667 0.5217592592592593 0.06875 0.1111111111111111
0 0.8674479166666667 0.3925925925925926 0.0703125 0.10277777777777777
0 0.3216145833333333 0.38333333333333336 0.08489583333333334 0.14629629629629629
0 0.9815104166666667 0.4125 0.03697916666666667 0.08611111111111111
0 0.5598958333333334 0.26064814814814813 0.05364583333333333 0.0787037037037037
0 0.20807291666666666 0.3541666666666667 0.057291666666666664 0.08981481481481482
0 0.96640625 0.4837962962962963 0.0671875 0.1175925925925926
0 0.2713541666666667 0.20925925925925926 0.06614583333333333 0.08148148148148149
0 0.3421875 0.2152777777777778 0.07708333333333334 0.09444444444444444
0 0.8973958333333333 0.5652777777777778 0.11354166666666667 0.22592592592592592
0 0.7640625 0.3453703703703704 0.0421875 0.075
0 0.6091145833333333 0.2537037037037037 0.07604166666666666 0.09537037037037037
0 0.959375 0.39537037037037037 0.04010416666666667 0.06851851851851852
0 0.4791666666666667 0.2351851851851852 0.071875 0.09722222222222222
0 0.9440104166666666 0.41574074074074074 0.04635416666666667 0.07592592592592592
0 0.44921875 0.2986111111111111 0.0625 0.09537037037037037
0 0.9192708333333334 0.44722222222222224 0.04635416666666667 0.08055555555555556
0 0.8721354166666667 0.47129629629629627 0.065625 0.14722222222222223
0 0.7739583333333333 0.275 0.04375 0.053703703703703705
0 0.9041666666666667 0.4027777777777778 0.04635416666666667 0.075
0 0.8559895833333333 0.3365740740740741 0.058854166666666666 0.075
0 0.8869791666666667 0.31805555555555554 0.051041666666666666 0.07222222222222222
0 0.42473958333333334 0.20462962962962963 0.06875 0.08888888888888889