0 0.5653645833333333 0.5555555555555556 0.12864583333333332 0.2712962962962963
0 0.4630208333333333 0.5328703703703703 0.11302083333333333 0.2777777777777778
0 0.3489583333333333 0.5944444444444444 0.14635416666666667 0.28703703703703703
0 0.18932291666666667 0.586574074074074 0.10885416666666667 0.23148148148148148
0 0.65 0.6921296296296297 0.14114583333333333 0.21574074074074073
0 0.8276041666666667 0.5166666666666667 0.12760416666666666 0.19814814814814816
0 0.5145833333333333 0.8101851851851852 0.14947916666666666 0.29444444444444445
0 0.4239583333333333 0.7537037037037037 0.14270833333333333 0.2675925925925926
0 0.3966145833333333 0.2972222222222222 0.109375 0.18333333333333332
0 0.10234375 0.7851851851851852 0.14270833333333333 0.24722222222222223
0 0.3815104166666667 0.45416666666666666 0.10729166666666666 0.23148148148148148
0 0.5643229166666667 0.3662037037037037 0.15208333333333332 0.2574074074074074
0 0.08619791666666667 0.43657407407407406 0.09114583333333333 0.1824074074074074
0 0.18203125 0.4388888888888889 0.08958333333333333 0.15555555555555556
0 0.044270833333333336 0.5435185185185185 0.08854166666666667 0.18333333333333332
0 0.8640625 0.6601851851851852 0.11145833333333334 0.17962962962962964
0 0.1953125 0.7893518518518519 0.096875 0.262037037037037
0 0.47682291666666665 0.3388888888888889 0.0875 0.14907407407407408
0 0.74453125 0.5351851851851852 0.1 0.1537037037037037
0 0.7856770833333333 0.7138888888888889 0.1046875 0.17037037037037037
0 0.27239583333333334 0.5171296296296296 0.08697916666666666 0.22777777777777777
0 0.10078125 0.6083333333333333 0.10260416666666666 0.17037037037037037
0 0.3645833333333333 0.2074074074074074 0.103125 0.15
0 0.65 0.8791666666666667 0.15520833333333334 0.225
0 0.9174479166666667 0.5208333333333334 0.08697916666666666 0.175
0 0.74375 0.8444444444444444 0.10416666666666667 0.18888888888888888
0 0.4825520833333333 0.25601851851851853 0.09479166666666666 0.13796296296296295
0 0.91015625 0.2671296296296296 0.06979166666666667 0.1111111111111111
0 0.4515625 0.18055555555555555 0.0859375 0.1111111111111111
0 0.21197916666666666 0.29953703703703705 0.06875 0.12037037037037036
0 0.14010416666666667 0.9337962962962963 0.14375 0.13240740740740742
0 0.31015625 0.2773148148148148 0.07083333333333333 0.12222222222222222
0 0.5526041666666667 0.2351851851851852 0.07864583333333333 0.12685185185185185
0 0.83046875 0.2439814814814815 0.0859375 0.11481481481481481
0 0.8666666666666667 0.1986111111111111 0.0609375 0.07962962962962963
0 0.29322916666666665 0.4148148148148148 0.06979166666666667 0.1388888888888889
0 0.153125 0.2708333333333333 0.0890625 0.09907407407407408
0 0.5463541666666667 0.15787037037037038 0.0890625 0.11944444444444445
0 0.044270833333333336 0.8300925925925926 0.07552083333333333 0.225
0 0.62421875 0.11990740740740741 0.05572916666666667 0.18333333333333332
0 0.042708333333333334 0.6518518518518519 0.08177083333333333 0.15462962962962962
0 0.6903645833333333 0.5898148148148148 0.09739583333333333 0.12962962962962962
0 0.8453125 0.3226851851851852 0.09427083333333333 0.1398148148148148
0 0.7213541666666666 0.2851851851851852 0.06614583333333333 0.12407407407407407
0 0.7721354166666666 0.6328703703703704 0.1 0.12129629629629629
0 0.7848958333333333 0.27870370370370373 0.06770833333333333 0.10925925925925926
0 0.903125 0.16666666666666666 0.04635416666666667 0.06111111111111111
0 0.0453125 0.38425925925925924 0.07239583333333334 0.1259259259259259
0 0.053125 0.3189814814814815 0.10625 0.125
0 0.5880208333333333 0.08935185185185185 0.058333333333333334 0.1175925925925926
0 0.38697916666666665 0.12777777777777777 0.057291666666666664 0.07314814814814814
0 0.53203125 0.11481481481481481 0.051041666666666666 0.06759259259259259
0 0.4518229166666667 0.11388888888888889 0.059375 0.08518518518518518
0 0.06796875 0.9782407407407407 0.07760416666666667 0.04351851851851852