0 0.7799479166666666 0.17685185185185184 0.1109375 0.18611111111111112
0 0.6705729166666666 0.18425925925925926 0.13802083333333334 0.22314814814814815
0 0.8049479166666667 0.4486111111111111 0.1515625 0.25925925925925924
0 0.5575520833333333 0.5680555555555555 0.090625 0.17685185185185184
0 0.8973958333333333 0.22592592592592592 0.09895833333333333 0.17777777777777778
0 0.31015625 0.20555555555555555 0.12447916666666667 0.18703703703703703
0 0.7528645833333333 0.6013888888888889 0.09947916666666666 0.1425925925925926
0 0.36770833333333336 0.4212962962962963 0.10885416666666667 0.21388888888888888
0 0.6013020833333333 0.34953703703703703 0.10625 0.24444444444444444
0 0.96640625 0.3162037037037037 0.0671875 0.1675925925925926
0 0.07057291666666667 0.05138888888888889 0.07239583333333334 0.10277777777777777
0 0.6828125 0.4060185185185185 0.16458333333333333 0.3
0 0.6510416666666666 0.5944444444444444 0.12239583333333333 0.1925925925925926
0 0.73203125 0.08703703703703704 0.0953125 0.08981481481481482
0 0.421875 0.6342592592592593 0.07395833333333333 0.12129629629629629
0 0.26015625 0.11990740740740741 0.14947916666666666 0.23981481481481481
0 0.4388020833333333 0.5064814814814815 0.09947916666666666 0.2324074074074074
0 0.8388020833333333 0.6930555555555555 0.09895833333333333 0.15925925925925927
0 0.9315104166666667 0.4861111111111111 0.13697916666666668 0.26296296296296295
0 0.8611979166666667 0.5606481481481481 0.11666666666666667 0.19814814814814816
0 0.63046875 0.7175925925925926 0.09322916666666667 0.15648148148148147
0 0.5419270833333333 0.6939814814814815 0.11510416666666666 0.17592592592592593
0 0.24479166666666666 0.5268518518518519 0.09479166666666666 0.14814814814814814
0 0.0890625 0.2023148148148148 0.09479166666666666 0.13148148148148148
0 0.18177083333333333 0.45231481481481484 0.09791666666666667 0.16111111111111112
0 0.11119791666666666 0.025925925925925925 0.09010416666666667 0.05185185185185185
0 0.6653645833333334 0.8194444444444444 0.09375 0.16111111111111112
0 0.18463541666666666 0.2898148148148148 0.12135416666666667 0.21203703703703702
0 0.9450520833333333 0.7842592592592592 0.08072916666666667 0.17314814814814813
0 0.9044270833333333 0.8356481481481481 0.07447916666666667 0.14814814814814814
0 0.13046875 0.625462962962963 0.08385416666666666 0.15925925925925927
0 0.7260416666666667 0.7356481481481482 0.12447916666666667 0.20833333333333334
0 0.7002604166666667 0.8842592592592593 0.08385416666666666 0.13796296296296295
0 0.75 0.8092592592592592 0.1 0.16574074074074074
0 0.9463541666666667 0.6657407407407407 0.10416666666666667 0.23148148148148148
0 0.196875 0.038425925925925926 0.13854166666666667 0.07685185185185185
0 0.15130208333333334 0.11574074074074074 0.1234375 0.2037037037037037
0 0.2671875 0.3819444444444444 0.1375 0.2574074074074074
0 0.69375 0.9430555555555555 0.09010416666666667 0.09814814814814815
0 0.22447916666666667 0.6041666666666666 0.08802083333333334 0.13518518518518519
0 0.31197916666666664 0.6402777777777777 0.09583333333333334 0.15
0 0.04635416666666667 0.16296296296296298 0.058333333333333334 0.1361111111111111
0 0.3377604166666667 0.5120370370370371 0.115625 0.2037037037037037
0 0.8364583333333333 0.7796296296296297 0.09375 0.13796296296296295
0 0.27005208333333336 0.7157407407407408 0.0875 0.12222222222222222
0 0.42135416666666664 0.7328703703703704 0.06354166666666666 0.1287037037037037
0 0.1859375 0.5324074074074074 0.07604166666666666 0.13240740740740742
0 0.91171875 0.9087962962962963 0.07604166666666666 0.1175925925925926
0 0.3578125 0.7583333333333333 0.10416666666666667 0.16666666666666666
0 0.578125 0.9004629629629629 0.07708333333333334 0.10740740740740741
0 0.5270833333333333 0.8194444444444444 0.078125 0.12222222222222222
0 0.19296875 0.6615740740740741 0.07395833333333333 0.11944444444444445
0 0.08385416666666666 0.48703703703703705 0.0828125 0.1175925925925926
0 0.803125 0.950462962962963 0.06354166666666666 0.09907407407407408
0 0.840625 0.9412037037037037 0.07291666666666667 0.1175925925925926
0 0.08984375 0.562037037037037 0.08385416666666666 0.1175925925925926
0 0.21692708333333333 0.7138888888888889 0.05260416666666667 0.08425925925925926
0 0.17083333333333334 0.7083333333333334 0.05677083333333333 0.1
0 0.7455729166666667 0.9694444444444444 0.0828125 0.06111111111111111
0 0.89765625 0.9680555555555556 0.0640625 0.06388888888888888
0 0.027604166666666666 0.3587962962962963 0.05520833333333333 0.18611111111111112
0 0.2828125 0.7796296296296297 0.065625 0.10092592592592593