0 0.5825520833333333 0.39166666666666666 0.1390625 0.23796296296296296
0 0.67265625 0.6847222222222222 0.146875 0.2361111111111111
0 0.6817708333333333 0.2490740740740741 0.14791666666666667 0.24444444444444444
0 0.6661458333333333 0.11064814814814815 0.16041666666666668 0.2212962962962963
0 0.6875 0.538425925925926 0.13489583333333333 0.22685185185185186
0 0.6447916666666667 0.8629629629629629 0.1265625 0.2222222222222222
0 0.5424479166666667 0.12962962962962962 0.1546875 0.25925925925925924
0 0.7434895833333334 0.8050925925925926 0.1625 0.27870370370370373
0 0.47578125 0.7078703703703704 0.09895833333333333 0.18981481481481483
0 0.53046875 0.30277777777777776 0.14791666666666667 0.24537037037037038
0 0.7658854166666667 0.6546296296296297 0.090625 0.20092592592592592
0 0.4622395833333333 0.39166666666666666 0.09895833333333333 0.18981481481481483
0 0.43776041666666665 0.774537037037037 0.06666666666666667 0.15092592592592594
0 0.5731770833333333 0.8171296296296297 0.16197916666666667 0.25833333333333336
0 0.4440104166666667 0.5518518518518518 0.07708333333333334 0.13333333333333333
0 0.40572916666666664 0.4527777777777778 0.08645833333333333 0.1675925925925926
0 0.5072916666666667 0.05092592592592592 0.11770833333333333 0.10185185185185185
0 0.43671875 0.9282407407407407 0.07447916666666667 0.13518518518518519
0 0.73203125 0.4740740740740741 0.11979166666666667 0.23055555555555557
0 0.5442708333333334 0.9384259259259259 0.06979166666666667 0.11574074074074074
0 0.40520833333333334 0.29814814814814816 0.09947916666666666 0.1935185185185185
0 0.3333333333333333 0.07268518518518519 0.06666666666666667 0.06851851851851852
0 0.6255208333333333 0.01712962962962963 0.0875 0.03425925925925926
0 0.43125 0.04583333333333333 0.06822916666666666 0.0824074074074074
0 0.5411458333333333 0.7055555555555556 0.13489583333333333 0.22407407407407406
0 0.5447916666666667 0.850925925925926 0.078125 0.14814814814814814
0 0.39140625 0.7314814814814815 0.06875 0.13240740740740742
0 0.42213541666666665 0.8425925925925926 0.0640625 0.1398148148148148
0 0.6716145833333333 0.012962962962962963 0.10260416666666666 0.025925925925925925
0 0.39427083333333335 0.1439814814814815 0.10364583333333334 0.2
0 0.4390625 0.11898148148148148 0.078125 0.14907407407407408
0 0.36328125 0.3333333333333333 0.0578125 0.13148148148148148
0 0.49635416666666665 0.9361111111111111 0.078125 0.12777777777777777
0 0.4828125 0.836574074074074 0.090625 0.1648148148148148
0 0.35442708333333334 0.45925925925925926 0.049479166666666664 0.10277777777777777
0 0.49192708333333335 0.9916666666666667 0.0484375 0.016666666666666666
0 0.4010416666666667 0.9527777777777777 0.053125 0.09444444444444444
0 0.38619791666666664 0.8444444444444444 0.06145833333333333 0.14629629629629629
0 0.34765625 0.08657407407407407 0.04635416666666667 0.0824074074074074
0 0.3380208333333333 0.3763888888888889 0.06145833333333333 0.14351851851851852
0 0.3614583333333333 0.6046296296296296 0.06197916666666667 0.13703703703703704
0 0.40390625 0.6393518518518518 0.059895833333333336 0.12037037037037036
0 0.30703125 0.0912037037037037 0.034375 0.075
0 0.35911458333333335 0.7055555555555556 0.05677083333333333 0.12962962962962962