0 0.66171875 0.9083333333333333 0.13802083333333334 0.17777777777777778
0 0.5325520833333334 0.4949074074074074 0.071875 0.12037037037037036
0 0.49635416666666665 0.28564814814814815 0.05 0.09166666666666666
0 0.5958333333333333 0.18472222222222223 0.0578125 0.10185185185185185
0 0.5619791666666667 0.8842592592592593 0.06041666666666667 0.12037037037037036
0 0.43255208333333334 0.7912037037037037 0.0875 0.09537037037037037
0 0.49583333333333335 0.8782407407407408 0.08697916666666666 0.16203703703703703
0 0.46848958333333335 0.6925925925925925 0.11510416666666666 0.14444444444444443
0 0.49244791666666665 0.4412037037037037 0.058333333333333334 0.10648148148148148
0 0.46119791666666665 0.32175925925925924 0.06041666666666667 0.11296296296296296
0 0.43333333333333335 0.24305555555555555 0.06458333333333334 0.09907407407407408
0 0.553125 0.125 0.07083333333333333 0.12407407407407407
0 0.5807291666666666 0.2935185185185185 0.09739583333333333 0.16203703703703703
0 0.6276041666666666 0.06018518518518518 0.08229166666666667 0.12037037037037036
0 0.56171875 0.015277777777777777 0.0671875 0.030555555555555555
0 0.43411458333333336 0.9666666666666667 0.044270833333333336 0.06666666666666667
0 0.3385416666666667 0.8388888888888889 0.04114583333333333 0.075
0 0.39947916666666666 0.6546296296296297 0.057291666666666664 0.09814814814814815
0 0.375 0.7680555555555556 0.04791666666666667 0.08703703703703704
0 0.3796875 0.8944444444444445 0.05572916666666667 0.07777777777777778
0 0.44557291666666665 0.8648148148148148 0.04895833333333333 0.08518518518518518
0 0.3671875 0.9912037037037037 0.04791666666666667 0.017592592592592594
0 0.4348958333333333 0.5092592592592593 0.06302083333333333 0.13518518518518519
0 0.4315104166666667 0.3851851851851852 0.06145833333333333 0.12222222222222222
0 0.3919270833333333 0.375 0.0390625 0.08611111111111111
0 0.39166666666666666 0.48194444444444445 0.04479166666666667 0.12129629629629629
0 0.39895833333333336 0.15601851851851853 0.05416666666666667 0.0962962962962963
0 0.47161458333333334 0.1087962962962963 0.0875 0.12037037037037036
0 0.5158854166666667 0.03333333333333333 0.058854166666666666 0.06666666666666667
0 0.45989583333333334 0.030555555555555555 0.0546875 0.06018518518518518
0 0.39114583333333336 0.013888888888888888 0.04479166666666667 0.022222222222222223
0 0.31744791666666666 0.2722222222222222 0.06041666666666667 0.08518518518518518
0 0.3385416666666667 0.08055555555555556 0.04739583333333333 0.05185185185185185
0 0.3346354166666667 0.17546296296296296 0.052083333333333336 0.08703703703703704
0 0.3359375 0.02361111111111111 0.05677083333333333 0.03888888888888889
0 0.39114583333333336 0.09444444444444444 0.05364583333333333 0.05462962962962963
0 0.3653645833333333 0.12407407407407407 0.043229166666666666 0.07314814814814814
0 0.3927083333333333 0.2689814814814815 0.040625 0.08611111111111111
0 0.3611979166666667 0.21574074074074073 0.04114583333333333 0.07222222222222222
0 0.36223958333333334 0.2962962962962963 0.0359375 0.0787037037037037
0 0.35859375 0.49537037037037035 0.046875 0.07037037037037037
0 0.36744791666666665 0.5662037037037037 0.0453125 0.06388888888888888