0 0.5638020833333334 0.6430555555555556 0.13697916666666668 0.25277777777777777
0 0.40234375 0.8134259259259259 0.13645833333333332 0.2657407407407407
0 0.6473958333333333 0.8143518518518519 0.14114583333333333 0.2675925925925926
0 0.7385416666666667 0.7810185185185186 0.15625 0.2916666666666667
0 0.48489583333333336 0.8347222222222223 0.13072916666666667 0.24537037037037038
0 0.29583333333333334 0.7717592592592593 0.13697916666666668 0.23425925925925925
0 0.7114583333333333 0.5625 0.15364583333333334 0.28055555555555556
0 0.3338541666666667 0.8981481481481481 0.16666666666666666 0.2037037037037037
0 0.1484375 0.8861111111111111 0.12708333333333333 0.22777777777777777
0 0.21171875 0.7523148148148148 0.10572916666666667 0.18425925925925926
0 0.38229166666666664 0.46435185185185185 0.10885416666666667 0.18055555555555555
0 0.6119791666666666 0.5472222222222223 0.14166666666666666 0.26851851851851855
0 0.8369791666666667 0.6175925925925926 0.10989583333333333 0.19907407407407407
0 0.9598958333333333 0.41064814814814815 0.08020833333333334 0.17314814814814813
0 0.42213541666666665 0.9472222222222222 0.11510416666666666 0.10555555555555556
0 0.559375 0.42916666666666664 0.10885416666666667 0.18055555555555555
0 0.2328125 0.8986111111111111 0.115625 0.20277777777777778
0 0.34348958333333335 0.39861111111111114 0.0859375 0.12222222222222222
0 0.32421875 0.6412037037037037 0.14895833333333333 0.2935185185185185
0 0.46901041666666665 0.4023148148148148 0.0765625 0.1398148148148148
0 0.5231770833333333 0.33101851851851855 0.09635416666666667 0.1574074074074074
0 0.7802083333333333 0.48842592592592593 0.11614583333333334 0.22685185185185186
0 0.25703125 0.4027777777777778 0.07708333333333334 0.13518518518518519
0 0.5223958333333333 0.9009259259259259 0.13229166666666667 0.19814814814814816
0 0.7828125 0.2865740740740741 0.08020833333333334 0.13703703703703704
0 0.8856770833333333 0.14722222222222223 0.05520833333333333 0.11481481481481481
0 0.8127604166666667 0.3148148148148148 0.06770833333333333 0.12962962962962962
0 0.2552083333333333 0.5939814814814814 0.06666666666666667 0.12685185185185185
0 0.61015625 0.324537037037037 0.1109375 0.1814814814814815
0 0.19609375 0.5953703703703703 0.10104166666666667 0.18333333333333332
0 0.7580729166666667 0.17916666666666667 0.08802083333333334 0.1388888888888889
0 0.80390625 0.7018518518518518 0.07864583333333333 0.16574074074074074
0 0.7638020833333333 0.3574074074074074 0.06979166666666667 0.13148148148148148
0 0.3859375 0.5800925925925926 0.12916666666666668 0.24444444444444444
0 0.30416666666666664 0.5916666666666667 0.08541666666666667 0.1425925925925926
0 0.36614583333333334 0.3148148148148148 0.07604166666666666 0.125
0 0.3046875 0.3736111111111111 0.08020833333333334 0.1175925925925926
0 0.8317708333333333 0.7754629629629629 0.121875 0.2074074074074074
0 0.6963541666666667 0.29953703703703705 0.11510416666666666 0.18888888888888888
0 0.7122395833333334 0.37824074074074077 0.0859375 0.1425925925925926
0 0.96953125 0.30277777777777776 0.04791666666666667 0.11944444444444445
0 0.5890625 0.25092592592592594 0.07552083333333333 0.10648148148148148
0 0.2518229166666667 0.5087962962962963 0.07916666666666666 0.14166666666666666
0 0.8895833333333333 0.3111111111111111 0.07604166666666666 0.12685185185185185
0 0.83359375 0.2064814814814815 0.07708333333333334 0.11851851851851852
0 0.31015625 0.4810185185185185 0.09479166666666666 0.16574074074074074
0 0.9484375 0.1648148148148148 0.04791666666666667 0.09444444444444444
0 0.5177083333333333 0.23981481481481481 0.058854166666666666 0.09074074074074075
0 0.196875 0.5120370370370371 0.06354166666666666 0.10277777777777777
0 0.9440104166666666 0.24166666666666667 0.07708333333333334 0.13333333333333333
0 0.23333333333333334 0.34074074074074073 0.07135416666666666 0.09722222222222222
0 0.30234375 0.30972222222222223 0.0828125 0.11296296296296296
0 0.890625 0.3560185185185185 0.1296875 0.25
0 0.7270833333333333 0.21481481481481482 0.04739583333333333 0.08425925925925926
0 0.5638020833333334 0.20787037037037037 0.08177083333333333 0.11296296296296296
0 0.9221354166666667 0.16111111111111112 0.04479166666666667 0.07685185185185185
0 0.43645833333333334 0.2574074074074074 0.078125 0.11388888888888889
0 0.9106770833333333 0.18888888888888888 0.0515625 0.08611111111111111
0 0.41822916666666665 0.3337962962962963 0.06875 0.10925925925925926
0 0.8921875 0.23148148148148148 0.052083333333333336 0.09074074074074075
0 0.8510416666666667 0.27870370370370373 0.0765625 0.16018518518518518
0 0.725 0.1425925925925926 0.046875 0.06481481481481481
0 0.8705729166666667 0.19675925925925927 0.0515625 0.08518518518518518
0 0.8135416666666667 0.1587962962962963 0.06354166666666666 0.08888888888888889
0 0.8401041666666667 0.12453703703703704 0.05572916666666667 0.08425925925925926
0 0.37942708333333336 0.2569444444444444 0.07395833333333333 0.10462962962962963