0 0.54765625 0.6657407407407407 0.10052083333333334 0.1712962962962963
0 0.375 0.46111111111111114 0.0625 0.11203703703703703
0 0.3796875 0.5662037037037037 0.059375 0.11851851851851852
0 0.6401041666666667 0.47962962962962963 0.10416666666666667 0.18611111111111112
0 0.6486979166666667 0.3125 0.10885416666666667 0.21296296296296297
0 0.57109375 0.25555555555555554 0.11770833333333333 0.21481481481481482
0 0.6528645833333333 0.17453703703703705 0.11197916666666667 0.1925925925925926
0 0.5817708333333333 0.11064814814814815 0.09010416666666667 0.16574074074074074
0 0.6296875 0.7532407407407408 0.12864583333333332 0.2212962962962963
0 0.5395833333333333 0.4199074074074074 0.09635416666666667 0.18703703703703703
0 0.590625 0.5768518518518518 0.078125 0.15833333333333333
0 0.44427083333333334 0.7087962962962963 0.10833333333333334 0.17222222222222222
0 0.6567708333333333 0.6083333333333333 0.11770833333333333 0.2064814814814815
0 0.6317708333333333 0.07314814814814814 0.09947916666666666 0.10277777777777777
0 0.4901041666666667 0.9166666666666666 0.11770833333333333 0.16666666666666666
0 0.5361979166666667 0.5342592592592592 0.0875 0.17685185185185184
0 0.4361979166666667 0.21898148148148147 0.08489583333333334 0.1398148148148148
0 0.4283854166666667 0.8106481481481481 0.15520833333333334 0.20555555555555555
0 0.4015625 0.34675925925925927 0.1015625 0.15925925925925927
0 0.3145833333333333 0.7421296296296296 0.0734375 0.14166666666666666
0 0.5471354166666667 0.874537037037037 0.15364583333333334 0.25092592592592594
0 0.40598958333333335 0.9185185185185185 0.14114583333333333 0.1574074074074074
0 0.32890625 0.6217592592592592 0.06927083333333334 0.1398148148148148
0 0.28567708333333336 0.6092592592592593 0.06770833333333333 0.14444444444444443
0 0.3841145833333333 0.19722222222222222 0.06145833333333333 0.13055555555555556
0 0.44635416666666666 0.10740740740740741 0.059375 0.11574074074074074
0 0.31354166666666666 0.30833333333333335 0.1 0.16574074074074074
0 0.3606770833333333 0.8444444444444444 0.10052083333333334 0.1537037037037037
0 0.5114583333333333 0.043055555555555555 0.08020833333333334 0.08611111111111111
0 0.34375 0.9101851851851852 0.07604166666666666 0.10185185185185185
0 0.275 0.9037037037037037 0.0578125 0.0712962962962963
0 0.3416666666666667 0.5166666666666667 0.0625 0.12129629629629629
0 0.3765625 0.6578703703703703 0.09895833333333333 0.15833333333333333
0 0.26979166666666665 0.7083333333333334 0.0609375 0.125
0 0.5924479166666666 0.4287037037037037 0.06822916666666666 0.15833333333333333
0 0.32317708333333334 0.4351851851851852 0.08802083333333334 0.14537037037037037
0 0.31640625 0.5152777777777777 0.04635416666666667 0.09351851851851851
0 0.25364583333333335 0.624537037037037 0.043229166666666666 0.09814814814814815
0 0.29453125 0.8074074074074075 0.06458333333333334 0.1111111111111111
0 0.4114583333333333 0.11666666666666667 0.05364583333333333 0.1111111111111111
0 0.33151041666666664 0.17222222222222222 0.06302083333333333 0.11851851851851852
0 0.4734375 0.3421296296296296 0.10677083333333333 0.21388888888888888
0 0.3684895833333333 0.11666666666666667 0.06145833333333333 0.13148148148148148