0 0.5208333333333334 0.7851851851851852 0.0875 0.19166666666666668
0 0.4421875 0.7944444444444444 0.08958333333333333 0.1648148148148148
0 0.4973958333333333 0.6361111111111111 0.10833333333333334 0.21296296296296297
0 0.44036458333333334 0.9208333333333333 0.11614583333333334 0.15648148148148147
0 0.1875 0.5958333333333333 0.0921875 0.15925925925925927
0 0.3104166666666667 0.6611111111111111 0.11770833333333333 0.21944444444444444
0 0.6309895833333333 0.5986111111111111 0.10989583333333333 0.2462962962962963
0 0.12604166666666666 0.6375 0.09010416666666667 0.16666666666666666
0 0.7125 0.6703703703703704 0.1359375 0.26481481481481484
0 0.7880208333333333 0.5125 0.08958333333333333 0.20462962962962963
0 0.6669270833333333 0.45787037037037037 0.10572916666666667 0.18611111111111112
0 0.40338541666666666 0.7087962962962963 0.12760416666666666 0.20462962962962963
0 0.8333333333333334 0.24537037037037038 0.06145833333333333 0.11018518518518519
0 0.05625 0.7819444444444444 0.07552083333333333 0.13333333333333333
0 0.8473958333333333 0.4013888888888889 0.096875 0.20462962962962963
0 0.19921875 0.512962962962963 0.07291666666666667 0.1259259259259259
0 0.5158854166666667 0.5342592592592592 0.13489583333333333 0.2824074074074074
0 0.07265625 0.8671296296296296 0.06979166666666667 0.14629629629629629
0 0.05963541666666667 0.6231481481481481 0.07239583333333334 0.1388888888888889
0 0.37864583333333335 0.6050925925925926 0.10208333333333333 0.20462962962962963
0 0.7703125 0.2263888888888889 0.0625 0.12685185185185185
0 0.3015625 0.8166666666666667 0.05260416666666667 0.10185185185185185
0 0.7255208333333333 0.34074074074074073 0.103125 0.20833333333333334
0 0.8880208333333334 0.21574074074074073 0.051041666666666666 0.0824074074074074
0 0.40677083333333336 0.4398148148148148 0.09583333333333334 0.17592592592592593
0 0.303125 0.4912037037037037 0.09427083333333333 0.15
0 0.10546875 0.5125 0.0734375 0.11481481481481481
0 0.09505208333333333 0.7555555555555555 0.065625 0.11944444444444445
0 0.9450520833333333 0.42962962962962964 0.10989583333333333 0.2777777777777778
0 0.12317708333333334 0.5532407407407407 0.0671875 0.09907407407407408
0 0.91171875 0.40185185185185185 0.1015625 0.20092592592592592
0 0.5416666666666666 0.3837962962962963 0.06979166666666667 0.13425925925925927
0 0.1578125 0.49583333333333335 0.0625 0.10462962962962963
0 0.628125 0.2953703703703704 0.059375 0.10092592592592593
0 0.4317708333333333 0.3314814814814815 0.06927083333333334 0.125
0 0.8716145833333333 0.274537037037037 0.065625 0.11944444444444445
0 0.815625 0.2050925925925926 0.0546875 0.09537037037037037
0 0.5955729166666667 0.40694444444444444 0.07447916666666667 0.19444444444444445
0 0.8971354166666666 0.3296296296296296 0.07604166666666666 0.14074074074074075
0 0.4390625 0.5935185185185186 0.09375 0.21944444444444444
0 0.121875 0.7953703703703704 0.0875 0.17222222222222222
0 0.3848958333333333 0.9273148148148148 0.08333333333333333 0.13796296296296295
0 0.9484375 0.27037037037037037 0.07083333333333333 0.1259259259259259
0 0.4671875 0.40046296296296297 0.07291666666666667 0.12407407407407407
0 0.08098958333333334 0.4449074074074074 0.06458333333333334 0.11944444444444445
0 0.94921875 0.17175925925925925 0.051041666666666666 0.0962962962962963
0 0.6203125 0.21805555555555556 0.06354166666666666 0.12037037037037036
0 0.8135416666666667 0.09259259259259259 0.0625 0.11203703703703703
0 0.30546875 0.425462962962963 0.07916666666666666 0.12222222222222222
0 0.6989583333333333 0.22962962962962963 0.0515625 0.09444444444444444
0 0.30364583333333334 0.33796296296296297 0.07708333333333334 0.1388888888888889
0 0.35859375 0.37037037037037035 0.06770833333333333 0.11018518518518519
0 0.0484375 0.5388888888888889 0.07864583333333333 0.13425925925925927
0 0.88828125 0.13935185185185187 0.0484375 0.08333333333333333
0 0.56875 0.26157407407407407 0.06145833333333333 0.10648148148148148
0 0.475 0.28425925925925927 0.07604166666666666 0.14907407407407408
0 0.13333333333333333 0.4101851851851852 0.05416666666666667 0.09537037037037037
0 0.26614583333333336 0.4976851851851852 0.06979166666666667 0.1361111111111111
0 0.18411458333333333 0.36435185185185187 0.06145833333333333 0.08796296296296297
0 0.021614583333333333 0.475 0.043229166666666666 0.08888888888888889
0 0.1125 0.3962962962962963 0.04583333333333333 0.08703703703703704
0 0.2265625 0.4962962962962963 0.059375 0.15462962962962962
0 0.8565104166666667 0.1925925925925926 0.051041666666666666 0.08425925925925926
0 0.027604166666666666 0.6236111111111111 0.05520833333333333 0.19722222222222222
0 0.014583333333333334 0.5481481481481482 0.029166666666666667 0.07407407407407407
0 0.83515625 0.15185185185185185 0.06458333333333334 0.09907407407407408
0 0.04010416666666667 0.4532407407407407 0.040625 0.07314814814814814
0 0.5182291666666666 0.23935185185185184 0.058854166666666666 0.11481481481481481
0 0.35130208333333335 0.26851851851851855 0.06875 0.08796296296296297
0 0.8578125 0.09861111111111111 0.06666666666666667 0.1259259259259259
0 0.4140625 0.2388888888888889 0.05364583333333333 0.08148148148148149
0 0.915625 0.09722222222222222 0.07083333333333333 0.11944444444444445
0 0.46067708333333335 0.21388888888888888 0.05572916666666667 0.08518518518518518
0 0.5666666666666667 0.3300925925925926 0.06979166666666667 0.14629629629629629
0 0.7166666666666667 0.18425925925925926 0.0578125 0.10462962962962963
0 0.7473958333333334 0.16435185185185186 0.05416666666666667 0.08888888888888889
0 0.7971354166666667 0.13703703703703704 0.04479166666666667 0.08518518518518518