0 0.22239583333333332 0.8486111111111111 0.11197916666666667 0.13703703703703704
0 0.33645833333333336 0.8425925925925926 0.1625 0.25092592592592594
0 0.08255208333333333 0.7819444444444444 0.12291666666666666 0.15648148148148147
0 0.18307291666666667 0.5810185185185185 0.19166666666666668 0.3490740740740741
0 0.70625 0.7768518518518519 0.1484375 0.25092592592592594
0 0.022395833333333334 0.7240740740740741 0.04479166666666667 0.18703703703703703
0 0.43828125 0.4425925925925926 0.12447916666666667 0.23981481481481481
0 0.3171875 0.612037037037037 0.19635416666666666 0.3675925925925926
0 0.22786458333333334 0.3921296296296296 0.10260416666666666 0.14814814814814814
0 0.34088541666666666 0.4013888888888889 0.1421875 0.22592592592592592
0 0.40338541666666666 0.6638888888888889 0.12395833333333334 0.27314814814814814
0 0.10859375 0.44074074074074077 0.14114583333333333 0.24351851851851852
0 0.89140625 0.9541666666666667 0.0921875 0.09166666666666666
0 0.35520833333333335 0.2791666666666667 0.0984375 0.1638888888888889
0 0.5546875 0.48009259259259257 0.11875 0.2611111111111111
0 0.9315104166666667 0.9125 0.06875 0.1398148148148148
0 0.2559895833333333 0.25833333333333336 0.14114583333333333 0.22407407407407406
0 0.06041666666666667 0.5310185185185186 0.12083333333333333 0.30092592592592593
0 0.27369791666666665 0.10231481481481482 0.09322916666666667 0.15
0 0.90546875 0.7564814814814815 0.09270833333333334 0.13240740740740742
0 0.6440104166666667 0.5555555555555556 0.1140625 0.2037037037037037
0 0.76484375 0.8634259259259259 0.14895833333333333 0.25925925925925924
0 0.5614583333333333 0.27037037037037037 0.06614583333333333 0.13333333333333333
0 0.14322916666666666 0.27824074074074073 0.14791666666666667 0.25092592592592594
0 0.96875 0.575462962962963 0.06197916666666667 0.10555555555555556
0 0.4427083333333333 0.3074074074074074 0.13072916666666667 0.2111111111111111
0 0.5716145833333334 0.3611111111111111 0.08541666666666667 0.15
0 0.31588541666666664 0.17824074074074073 0.1046875 0.17592592592592593
0 0.9408854166666667 0.7796296296296297 0.0859375 0.1638888888888889
0 0.22083333333333333 0.1935185185185185 0.1015625 0.19074074074074074
0 0.83515625 0.5342592592592592 0.11614583333333334 0.17592592592592593
0 0.74921875 0.45601851851851855 0.08385416666666666 0.13518518518518519
0 0.8614583333333333 0.8356481481481481 0.11979166666666667 0.2101851851851852
0 0.05963541666666667 0.13055555555555556 0.058333333333333334 0.10833333333333334
0 0.8375 0.36574074074074076 0.08072916666666667 0.14722222222222223
0 0.8208333333333333 0.6731481481481482 0.1203125 0.2222222222222222
0 0.6763020833333333 0.34953703703703703 0.096875 0.14629629629629629
0 0.8184895833333333 0.9416666666666667 0.13802083333333334 0.11666666666666667
0 0.6291666666666667 0.23842592592592593 0.0890625 0.13055555555555556
0 0.7359375 0.5930555555555556 0.13697916666666668 0.26481481481481484
0 0.12864583333333332 0.05787037037037037 0.06770833333333333 0.11574074074074074
0 0.8052083333333333 0.4532407407407407 0.07552083333333333 0.1425925925925926
0 0.7075520833333333 0.27824074074074073 0.08177083333333333 0.11388888888888889
0 0.65703125 0.4638888888888889 0.11614583333333334 0.19814814814814816
0 0.39479166666666665 0.1087962962962963 0.10208333333333333 0.1361111111111111
0 0.0953125 0.1050925925925926 0.0609375 0.10092592592592593
0 0.77734375 0.34120370370370373 0.0765625 0.10925925925925926
0 0.16640625 0.049074074074074076 0.0609375 0.09814814814814815
0 0.06614583333333333 0.07916666666666666 0.059375 0.1175925925925926
0 0.15520833333333334 0.11435185185185186 0.08697916666666666 0.12314814814814815
0 0.07083333333333333 0.03148148148148148 0.051041666666666666 0.06296296296296296
0 0.45651041666666664 0.1763888888888889 0.08489583333333334 0.11388888888888889
0 0.9825520833333333 0.5023148148148148 0.034895833333333334 0.10277777777777777
0 0.7567708333333333 0.2912037037037037 0.05677083333333333 0.08148148148148149
0 0.884375 0.4263888888888889 0.07395833333333333 0.10185185185185185
0 0.8893229166666666 0.4888888888888889 0.07552083333333333 0.10648148148148148
0 0.6893229166666667 0.22824074074074074 0.06197916666666667 0.08796296296296297
0 0.21510416666666668 0.02824074074074074 0.06354166666666666 0.05648148148148148
0 0.6364583333333333 0.18564814814814815 0.059375 0.07407407407407407
0 0.10989583333333333 0.03148148148148148 0.053125 0.06296296296296296
0 0.79765625 0.29444444444444445 0.0625 0.09907407407407408