0 0.7809895833333333 0.16018518518518518 0.1125 0.1398148148148148
0 0.6669270833333333 0.16296296296296298 0.16354166666666667 0.25462962962962965
0 0.9200520833333333 0.2310185185185185 0.12395833333333334 0.15925925925925927
0 0.8177083333333334 0.42916666666666664 0.19375 0.35185185185185186
0 0.29661458333333335 0.21666666666666667 0.15 0.2537037037037037
0 0.9783854166666667 0.29074074074074074 0.043229166666666666 0.18888888888888888
0 0.5611979166666666 0.5592592592592592 0.12604166666666666 0.24166666666666667
0 0.6838541666666667 0.39351851851851855 0.1984375 0.3712962962962963
0 0.77109375 0.6162037037037037 0.10364583333333334 0.15
0 0.6580729166666667 0.6032407407407407 0.14322916666666666 0.22870370370370371
0 0.5981770833333333 0.33935185185185185 0.12552083333333333 0.275
0 0.890625 0.5717592592592593 0.14270833333333333 0.2462962962962963
0 0.11354166666666667 0.03981481481481482 0.09375 0.07962962962962963
0 0.6424479166666667 0.725462962962963 0.09895833333333333 0.16574074074074074
0 0.44505208333333335 0.5180555555555556 0.1203125 0.26296296296296295
0 0.07265625 0.07453703703703704 0.06979166666666667 0.14166666666666666
0 0.74140625 0.7490740740740741 0.1421875 0.22777777777777777
0 0.9390625 0.4824074074074074 0.121875 0.3037037037037037
0 0.7223958333333333 0.9050925925925926 0.09375 0.15185185185185185
0 0.09713541666666667 0.23055555555555557 0.09322916666666667 0.13518518518518519
0 0.35651041666666666 0.44027777777777777 0.11510416666666666 0.2064814814814815
0 0.23828125 0.12962962962962962 0.15052083333333333 0.25925925925925924
0 0.43645833333333334 0.7277777777777777 0.0671875 0.13425925925925927
0 0.8546875 0.7324074074074074 0.14947916666666666 0.2537037037037037
0 0.03203125 0.4097222222222222 0.0625 0.10648148148148148
0 0.55546875 0.6944444444444444 0.13177083333333334 0.21388888888888888
0 0.42682291666666666 0.6365740740740741 0.08645833333333333 0.15185185185185185
0 0.6809895833333334 0.8273148148148148 0.10572916666666667 0.17777777777777778
0 0.06171875 0.2064814814814815 0.08697916666666666 0.16574074074074074
0 0.7760416666666666 0.8152777777777778 0.10260416666666666 0.1925925925925926
0 0.16510416666666666 0.45555555555555555 0.1171875 0.17777777777777778
0 0.25052083333333336 0.5361111111111111 0.084375 0.13703703703703704
0 0.14192708333333334 0.15324074074074073 0.12083333333333333 0.21296296296296297
0 0.93671875 0.8828703703703704 0.058854166666666666 0.10925925925925926
0 0.16119791666666666 0.6236111111111111 0.08229166666666667 0.14907407407407408
0 0.18098958333333334 0.31712962962962965 0.12135416666666667 0.22407407407407406
0 0.3221354166666667 0.6449074074074074 0.09739583333333333 0.14814814814814814
0 0.18567708333333333 0.053703703703703705 0.1390625 0.10740740740740741
0 0.36822916666666666 0.7574074074074074 0.08958333333333333 0.13240740740740742
0 0.26510416666666664 0.399537037037037 0.1390625 0.2675925925925926
0 0.8666666666666667 0.9472222222222222 0.06875 0.10555555555555556
0 0.19453125 0.5375 0.0765625 0.14444444444444443
0 0.2903645833333333 0.7152777777777778 0.08229166666666667 0.11574074074074074
0 0.34270833333333334 0.5314814814814814 0.1171875 0.2
0 0.6015625 0.8944444444444445 0.10260416666666666 0.13796296296296295
0 0.90078125 0.9074074074074074 0.06197916666666667 0.10277777777777777
0 0.22135416666666666 0.6504629629629629 0.07708333333333334 0.1111111111111111
0 0.82890625 0.9555555555555556 0.06197916666666667 0.08888888888888889
0 0.9296875 0.9342592592592592 0.06041666666666667 0.11851851851851852
0 0.8411458333333334 0.8962962962962963 0.0875 0.125
0 0.9236979166666667 0.9745370370370371 0.0515625 0.05092592592592592
0 0.5403645833333334 0.8245370370370371 0.08541666666666667 0.11666666666666667
0 0.017708333333333333 0.4824074074074074 0.035416666666666666 0.1037037037037037
0 0.24140625 0.700925925925926 0.057291666666666664 0.0824074074074074
0 0.11510416666666666 0.5615740740740741 0.07447916666666667 0.1037037037037037
0 0.11067708333333333 0.49907407407407406 0.07604166666666666 0.10833333333333334
0 0.30807291666666664 0.7657407407407407 0.0625 0.08888888888888889
0 0.7794270833333333 0.975462962962963 0.0640625 0.049074074074074076
0 0.36041666666666666 0.8101851851851852 0.059895833333333336 0.075
0 0.8846354166666667 0.9740740740740741 0.05364583333333333 0.05185185185185185
0 0.20026041666666666 0.6962962962962963 0.06302083333333333 0.1