0 0.5684895833333333 0.8277777777777777 0.08776041666666666 0.22407407407407406
0 0.11640625 0.8680555555555556 0.15260416666666668 0.2638888888888889
0 0.14192708333333334 0.6805555555555556 0.07552083333333333 0.11805555555555555
0 0.26614583333333336 0.500462962962963 0.084375 0.13333333333333333
0 0.41119791666666666 0.6722222222222223 0.11979166666666667 0.25462962962962965
0 0.5143229166666666 0.7444444444444445 0.1015625 0.21342592592592594
0 0.6768229166666667 0.8513888888888889 0.12578125 0.22407407407407406
0 0.7299479166666667 0.7078703703703704 0.08177083333333333 0.15648148148148147
0 0.7588541666666667 0.9157407407407407 0.0875 0.1685185185185185
0 0.8421875 0.8134259259259259 0.07890625 0.1587962962962963
0 0.80234375 0.674074074074074 0.07057291666666667 0.1763888888888889
0 0.6317708333333333 0.674074074074074 0.10442708333333334 0.13148148148148148
0 0.5268229166666667 0.6041666666666666 0.10859375 0.19490740740740742
0 0.1546875 0.5726851851851852 0.09192708333333334 0.21944444444444444
0 0.5140625 0.4791666666666667 0.07890625 0.10138888888888889
0 0.4359375 0.5217592592592593 0.062239583333333334 0.06435185185185185
0 0.5669270833333333 0.4083333333333333 0.07135416666666666 0.10740740740740741
0 0.47890625 0.40879629629629627 0.0765625 0.09814814814814815
0 0.31197916666666664 0.4550925925925926 0.08828125 0.13703703703703704
0 0.7236979166666667 0.5847222222222223 0.05911458333333333 0.10601851851851851
0 0.65390625 0.5097222222222222 0.09088541666666666 0.19953703703703704
0 0.725 0.4791666666666667 0.058333333333333334 0.11944444444444445
0 0.4036458333333333 0.4212962962962963 0.06328125 0.1175925925925926
0 0.43723958333333335 0.33194444444444443 0.07213541666666666 0.0763888888888889
0 0.5015625 0.34814814814814815 0.052083333333333336 0.09074074074074075
0 0.07005208333333333 0.5393518518518519 0.0703125 0.1337962962962963
0 0.0328125 0.8282407407407407 0.065625 0.20277777777777778
0 0.11927083333333334 0.4212962962962963 0.06588541666666667 0.08842592592592592
0 0.7877604166666666 0.5203703703703704 0.05911458333333333 0.10138888888888889
0 0.8302083333333333 0.49444444444444446 0.04140625 0.07592592592592592
0 0.7799479166666666 0.42407407407407405 0.049479166666666664 0.09444444444444444
0 0.7041666666666667 0.3939814814814815 0.04973958333333333 0.0712962962962963
0 0.053125 0.32916666666666666 0.06171875 0.07916666666666666
0 0.18463541666666666 0.4675925925925926 0.052083333333333336 0.10231481481481482
0 0.047135416666666666 0.6666666666666666 0.09296875 0.14814814814814814
0 0.24973958333333332 0.3819444444444444 0.05130208333333333 0.10555555555555556
0 0.23541666666666666 0.24166666666666667 0.049479166666666664 0.08611111111111111
0 0.25755208333333335 0.2949074074074074 0.05390625 0.0824074074074074
0 0.30052083333333335 0.27314814814814814 0.04583333333333333 0.06944444444444445
0 0.8471354166666667 0.6078703703703704 0.08411458333333334 0.15462962962962962
0 0.6841145833333333 0.3337962962962963 0.04088541666666667 0.08564814814814815
0 0.63984375 0.35462962962962963 0.0609375 0.10601851851851851
0 0.55625 0.2814814814814815 0.05026041666666667 0.07916666666666666
0 0.6109375 0.2759259259259259 0.051041666666666666 0.08101851851851852
0 0.5734375 0.33425925925925926 0.05625 0.06759259259259259
0 0.6671875 0.2763888888888889 0.044270833333333336 0.06898148148148148
0 0.8908854166666667 0.5787037037037037 0.06484375 0.1439814814814815
0 0.9247395833333333 0.5300925925925926 0.04765625 0.1259259259259259
0 0.8716145833333333 0.4546296296296296 0.058854166666666666 0.08981481481481482
0 0.7528645833333333 0.33796296296296297 0.05963541666666667 0.08101851851851852
0 0.7208333333333333 0.29398148148148145 0.042708333333333334 0.0699074074074074
0 0.53125 0.24768518518518517 0.054947916666666666 0.08472222222222223
0 0.48203125 0.26435185185185184 0.05182291666666667 0.08148148148148149
0 0.39348958333333334 0.2949074074074074 0.03411458333333333 0.10787037037037037
0 0.4359375 0.2708333333333333 0.054947916666666666 0.08148148148148149
0 0.35833333333333334 0.3449074074074074 0.036458333333333336 0.10740740740740741
0 0.31744791666666666 0.3541666666666667 0.06328125 0.09490740740740741
0 0.8854166666666666 0.38425925925925924 0.04453125 0.09444444444444444
0 0.9197916666666667 0.46574074074074073 0.03619791666666667 0.06898148148148148
0 0.7484375 0.22361111111111112 0.044270833333333336 0.11944444444444445
0 0.6942708333333333 0.22083333333333333 0.04453125 0.10555555555555556