0 0.5049479166666667 0.35509259259259257 0.09322916666666667 0.16111111111111112
0 0.4591145833333333 0.7263888888888889 0.084375 0.17777777777777778
0 0.37864583333333335 0.4587962962962963 0.12239583333333333 0.19722222222222222
0 0.3541666666666667 0.6027777777777777 0.08802083333333334 0.1361111111111111
0 0.4591145833333333 0.8986111111111111 0.1046875 0.18796296296296297
0 0.3341145833333333 0.7509259259259259 0.10833333333333334 0.19907407407407407
0 0.2755208333333333 0.6199074074074075 0.103125 0.17777777777777778
0 0.3546875 0.9 0.10104166666666667 0.17685185185185184
0 0.4739583333333333 0.9777777777777777 0.08541666666666667 0.044444444444444446
0 0.3854166666666667 0.9685185185185186 0.10208333333333333 0.049074074074074076
0 0.4296875 0.5939814814814814 0.08072916666666667 0.17222222222222222
0 0.38177083333333334 0.0962962962962963 0.14583333333333334 0.1925925925925926
0 0.27265625 0.44583333333333336 0.11354166666666667 0.2518518518518518
0 0.33984375 0.20879629629629629 0.1703125 0.3277777777777778
0 0.534375 0.18981481481481483 0.11302083333333333 0.1648148148148148
0 0.6153645833333333 0.7240740740740741 0.06770833333333333 0.11296296296296296
0 0.6088541666666667 0.24675925925925926 0.06354166666666666 0.11666666666666667
0 0.39010416666666664 0.7472222222222222 0.07760416666666667 0.18888888888888888
0 0.5955729166666667 0.8569444444444444 0.07552083333333333 0.13055555555555556
0 0.6119791666666666 0.5365740740740741 0.0859375 0.12314814814814815
0 0.6494791666666667 0.15925925925925927 0.08645833333333333 0.16296296296296298
0 0.48515625 0.06481481481481481 0.1671875 0.12962962962962962
0 0.5635416666666667 0.08657407407407407 0.125 0.17314814814814813
0 0.5684895833333333 0.46296296296296297 0.13645833333333332 0.18055555555555555
0 0.6580729166666667 0.44305555555555554 0.08229166666666667 0.14814814814814814
0 0.65390625 0.29953703703703705 0.07604166666666666 0.1787037037037037
0 0.6614583333333334 0.8027777777777778 0.05677083333333333 0.125
0 0.6080729166666666 0.9356481481481481 0.0703125 0.1287037037037037
0 0.5940104166666667 0.29907407407407405 0.10885416666666667 0.2212962962962963
0 0.7018229166666666 0.15648148148148147 0.06927083333333334 0.16203703703703703
0 0.7 0.2935185185185185 0.06510416666666667 0.15925925925925927
0 0.6619791666666667 0.05925925925925926 0.06666666666666667 0.08796296296296297
0 0.26901041666666664 0.7597222222222222 0.1015625 0.15648148148148147
0 0.6966145833333334 0.48148148148148145 0.06979166666666667 0.14814814814814814
0 0.71015625 0.6226851851851852 0.12135416666666667 0.18703703703703703
0 0.6989583333333333 0.8291666666666667 0.04375 0.08703703703703704
0 0.6859375 0.7291666666666666 0.059375 0.14814814814814814
0 0.7182291666666667 0.35185185185185186 0.05520833333333333 0.12129629629629629
0 0.73984375 0.33796296296296297 0.044270833333333336 0.10092592592592593
0 0.7278645833333334 0.7152777777777778 0.05260416666666667 0.09259259259259259
0 0.7380208333333333 0.22175925925925927 0.043229166666666666 0.10185185185185185
0 0.7408854166666666 0.5953703703703703 0.06197916666666667 0.1111111111111111
0 0.6221354166666667 0.08009259259259259 0.06302083333333333 0.13796296296296295
0 0.6395833333333333 0.8634259259259259 0.08020833333333334 0.20185185185185187