0 0.5815104166666667 0.48842592592592593 0.090625 0.16574074074074074
0 0.36822916666666666 0.4597222222222222 0.1 0.15
0 0.5059895833333333 0.28055555555555556 0.1109375 0.2175925925925926
0 0.42239583333333336 0.25787037037037036 0.0765625 0.15648148148148147
0 0.2721354166666667 0.48333333333333334 0.10572916666666667 0.18703703703703703
0 0.3372395833333333 0.24259259259259258 0.11197916666666667 0.1925925925925926
0 0.40182291666666664 0.12129629629629629 0.1 0.18333333333333332
0 0.2484375 0.30092592592592593 0.11614583333333334 0.1814814814814815
0 0.19947916666666668 0.524537037037037 0.0859375 0.15925925925925927
0 0.18723958333333332 0.3685185185185185 0.09947916666666666 0.19074074074074074
0 0.43802083333333336 0.38935185185185184 0.096875 0.14351851851851852
0 0.7229166666666667 0.23287037037037037 0.13802083333333334 0.26296296296296295
0 0.4984375 0.0962962962962963 0.14166666666666666 0.1925925925925926
0 0.9010416666666666 0.575462962962963 0.07083333333333333 0.10833333333333334
0 0.90703125 0.4199074074074074 0.09583333333333334 0.20462962962962963
0 0.14166666666666666 0.4726851851851852 0.06927083333333334 0.17037037037037037
0 0.6401041666666667 0.17777777777777778 0.184375 0.30277777777777776
0 0.6776041666666667 0.5171296296296296 0.09270833333333334 0.20092592592592592
0 0.39114583333333336 0.7342592592592593 0.06354166666666666 0.12037037037037036
0 0.65625 0.6564814814814814 0.065625 0.11296296296296296
0 0.8921875 0.22453703703703703 0.11302083333333333 0.2518518518518518
0 0.34713541666666664 0.34074074074074073 0.10625 0.13796296296296295
0 0.034895833333333334 0.6203703703703703 0.06458333333333334 0.11574074074074074
0 0.9783854166666667 0.5944444444444444 0.043229166666666666 0.11296296296296296
0 0.3143229166666667 0.7180555555555556 0.0734375 0.13425925925925927
0 0.49505208333333334 0.7018518518518518 0.06927083333333334 0.1527777777777778
0 0.7104166666666667 0.7157407407407408 0.09166666666666666 0.1537037037037037
0 0.7861979166666667 0.4078703703703704 0.165625 0.3074074074074074
0 0.1421875 0.7643518518518518 0.06927083333333334 0.09351851851851851
0 0.18072916666666666 0.8199074074074074 0.07083333333333333 0.09351851851851851
0 0.9661458333333334 0.39675925925925926 0.0671875 0.16111111111111112
0 0.9322916666666666 0.07916666666666666 0.109375 0.15833333333333333
0 0.7427083333333333 0.5541666666666667 0.10520833333333333 0.22314814814814815
0 0.5302083333333333 0.6157407407407407 0.1015625 0.24259259259259258
0 0.5536458333333333 0.7703703703703704 0.08333333333333333 0.14629629629629629
0 0.9604166666666667 0.5041666666666667 0.07395833333333333 0.1574074074074074
0 0.6330729166666667 0.7430555555555556 0.10052083333333334 0.13518518518518519
0 0.81015625 0.5634259259259259 0.07083333333333333 0.16666666666666666
0 0.35390625 0.8263888888888888 0.0703125 0.10092592592592593
0 0.27005208333333336 0.7513888888888889 0.07708333333333334 0.125
0 0.625 0.6375 0.12447916666666667 0.1935185185185185
0 0.7192708333333333 0.8074074074074075 0.09114583333333333 0.12314814814814815
0 0.8598958333333333 0.6981481481481482 0.065625 0.12129629629629629
0 0.041666666666666664 0.7537037037037037 0.0703125 0.1361111111111111
0 0.10390625 0.7694444444444445 0.07604166666666666 0.14722222222222223
0 0.9046875 0.7231481481481481 0.09114583333333333 0.10277777777777777
0 0.6427083333333333 0.8231481481481482 0.08958333333333333 0.11574074074074074
0 0.9544270833333334 0.2324074074074074 0.08072916666666667 0.22407407407407406
0 0.7747395833333334 0.7236111111111111 0.06354166666666666 0.12037037037037036
0 0.1375 0.8569444444444444 0.0515625 0.06666666666666667
0 0.8375 0.4777777777777778 0.07447916666666667 0.18425925925925926
0 0.20234375 0.6861111111111111 0.0671875 0.13148148148148148
0 0.018489583333333334 0.44814814814814813 0.03697916666666667 0.10740740740740741
0 0.32317708333333334 0.12916666666666668 0.08802083333333334 0.18055555555555555
0 0.5377604166666666 0.8435185185185186 0.08333333333333333 0.12407407407407407
0 0.4609375 0.8875 0.10520833333333333 0.21574074074074073
0 0.9747395833333333 0.687037037037037 0.050520833333333334 0.10925925925925926
0 0.058854166666666666 0.44722222222222224 0.049479166666666664 0.11296296296296296
0 0.34427083333333336 0.8962962962962963 0.04895833333333333 0.07777777777777778
0 0.12057291666666667 0.937962962962963 0.0453125 0.07222222222222222
0 0.03333333333333333 0.8532407407407407 0.044270833333333336 0.08611111111111111
0 0.39817708333333335 0.8592592592592593 0.08333333333333333 0.10555555555555556
0 0.06875 0.8342592592592593 0.05572916666666667 0.09166666666666666
0 0.15703125 0.9425925925925925 0.040625 0.06388888888888888
0 0.6130208333333333 0.8638888888888889 0.06822916666666666 0.09814814814814815
0 0.91171875 0.6449074074074074 0.1046875 0.12314814814814815
0 0.6234375 0.899537037037037 0.05677083333333333 0.0787037037037037
0 0.08255208333333333 0.874537037037037 0.058854166666666666 0.08796296296296297
0 0.41171875 0.9310185185185185 0.052083333333333336 0.09351851851851851
0 0.6880208333333333 0.8805555555555555 0.057291666666666664 0.07685185185185185
0 0.19114583333333332 0.9083333333333333 0.071875 0.13333333333333333
0 0.48046875 0.9375 0.0625 0.11018518518518519
0 0.7546875 0.6564814814814814 0.08489583333333334 0.11296296296296296
0 0.31692708333333336 0.7962962962962963 0.11302083333333333 0.14351851851851852