0 0.565625 0.35509259259259257 0.0984375 0.1824074074074074
0 0.5307291666666667 0.7185185185185186 0.0640625 0.11388888888888889
0 0.5828125 0.6685185185185185 0.06770833333333333 0.10833333333333334
0 0.43255208333333334 0.28055555555555556 0.10729166666666666 0.18888888888888888
0 0.34322916666666664 0.3347222222222222 0.121875 0.19907407407407407
0 0.3455729166666667 0.4842592592592593 0.1234375 0.21481481481481482
0 0.27057291666666666 0.38425925925925924 0.11145833333333334 0.2037037037037037
0 0.26666666666666666 0.5254629629629629 0.0953125 0.1638888888888889
0 0.57734375 0.1865740740740741 0.12760416666666666 0.23333333333333334
0 0.4427083333333333 0.4685185185185185 0.10729166666666666 0.17592592592592593
0 0.5028645833333333 0.32175925925925924 0.090625 0.14351851851851852
0 0.6299479166666667 0.5055555555555555 0.09947916666666666 0.1962962962962963
0 0.49192708333333335 0.20092592592592592 0.11927083333333334 0.21388888888888888
0 0.21197916666666666 0.46574074074074073 0.09114583333333333 0.18981481481481483
0 0.7330729166666666 0.33796296296296297 0.1265625 0.2212962962962963
0 0.9075520833333334 0.2074074074074074 0.1234375 0.16574074074074074
0 0.5028645833333333 0.4273148148148148 0.1015625 0.15925925925925927
0 0.8536458333333333 0.3148148148148148 0.1015625 0.21388888888888888
0 0.8591145833333333 0.4925925925925926 0.0875 0.1527777777777778
0 0.3815104166666667 0.7175925925925926 0.08072916666666667 0.15462962962962962
0 0.9244791666666666 0.33935185185185185 0.1203125 0.20462962962962963
0 0.8502604166666666 0.5953703703703703 0.07083333333333333 0.11574074074074074
0 0.9528645833333333 0.5226851851851851 0.08489583333333334 0.1425925925925926
0 0.6888020833333334 0.4898148148148148 0.11979166666666667 0.2796296296296296
0 0.46119791666666665 0.7222222222222222 0.0921875 0.18425925925925926
0 0.05963541666666667 0.6111111111111112 0.07135416666666666 0.13518518518518519
0 0.1578125 0.7486111111111111 0.075 0.11851851851851852
0 0.6997395833333333 0.7027777777777777 0.08125 0.13425925925925927
0 0.19244791666666666 0.8087962962962963 0.0796875 0.11296296296296296
0 0.678125 0.2671296296296296 0.15520833333333334 0.27870370370370373
0 0.91640625 0.45925925925925926 0.07864583333333333 0.1398148148148148
0 0.7747395833333334 0.4736111111111111 0.13489583333333333 0.27037037037037037
0 0.6322916666666667 0.7282407407407407 0.0796875 0.12685185185185185
0 0.6434895833333333 0.8037037037037037 0.08229166666666667 0.12407407407407407
0 0.39166666666666666 0.8115740740740741 0.07447916666666667 0.11296296296296296
0 0.32005208333333335 0.7467592592592592 0.06666666666666667 0.10833333333333334
0 0.953125 0.16944444444444445 0.04583333333333333 0.11574074074074074
0 0.1046875 0.7560185185185185 0.08645833333333333 0.17407407407407408
0 0.47734375 0.8810185185185185 0.0953125 0.18055555555555555
0 0.042708333333333334 0.43796296296296294 0.08541666666666667 0.15925925925925927
0 0.8455729166666667 0.7263888888888889 0.0765625 0.10092592592592593
0 0.73359375 0.5861111111111111 0.0890625 0.1824074074074074
0 0.24270833333333333 0.6759259259259259 0.0875 0.15648148148148147
0 0.77421875 0.587037037037037 0.059375 0.13796296296296295
0 0.9270833333333334 0.1175925925925926 0.071875 0.10185185185185185
0 0.8080729166666667 0.6976851851851852 0.059895833333333336 0.11203703703703703
0 0.8973958333333333 0.5509259259259259 0.06666666666666667 0.12222222222222222
0 0.5729166666666666 0.750462962962963 0.06979166666666667 0.11388888888888889
0 0.965625 0.3143518518518518 0.06666666666666667 0.18796296296296297
0 0.14348958333333334 0.8388888888888889 0.06354166666666666 0.10092592592592593
0 0.053385416666666664 0.7472222222222222 0.0859375 0.18425925925925926
0 0.63125 0.6361111111111111 0.09166666666666666 0.17962962962962964
0 0.7005208333333334 0.7893518518518519 0.07135416666666666 0.1111111111111111
0 0.9208333333333333 0.6148148148148148 0.0828125 0.15
0 0.21302083333333333 0.7175925925925926 0.07447916666666667 0.17777777777777778
0 0.15755208333333334 0.9268518518518518 0.06041666666666667 0.09351851851851851
0 0.42578125 0.3787037037037037 0.09010416666666667 0.1259259259259259
0 0.03177083333333333 0.5652777777777778 0.06354166666666666 0.20462962962962963
0 0.07083333333333333 0.8541666666666666 0.07291666666666667 0.12314814814814815
0 0.96015625 0.45694444444444443 0.0796875 0.18425925925925926
0 0.5385416666666667 0.8134259259259259 0.08385416666666666 0.15925925925925927
0 0.5825520833333333 0.7921296296296296 0.053125 0.08518518518518518
0 0.6643229166666667 0.8490740740740741 0.05520833333333333 0.0787037037037037
0 0.74140625 0.7087962962962963 0.0640625 0.11666666666666667
0 0.3390625 0.8 0.06354166666666666 0.09814814814814815
0 0.10885416666666667 0.9273148148148148 0.05520833333333333 0.0962962962962963
0 0.9268229166666667 0.6958333333333333 0.0828125 0.09907407407407408
0 0.4 0.9069444444444444 0.06822916666666666 0.11481481481481481
0 0.4296875 0.6074074074074074 0.12239583333333333 0.19537037037037036
0 0.9794270833333333 0.5981481481481481 0.04114583333333333 0.14444444444444443
0 0.35651041666666666 0.8694444444444445 0.075 0.11296296296296296