0 0.2140625 0.8055555555555556 0.11354166666666667 0.19074074074074074
0 0.32317708333333334 0.8050925925925926 0.14114583333333333 0.22962962962962963
0 0.19427083333333334 0.5324074074074074 0.15520833333333334 0.2657407407407407
0 0.4440104166666667 0.42824074074074076 0.09375 0.1814814814814815
0 0.09739583333333333 0.749537037037037 0.1015625 0.1824074074074074
0 0.6838541666666667 0.8060185185185185 0.1265625 0.19166666666666668
0 0.24921875 0.38287037037037036 0.10104166666666667 0.14629629629629629
0 0.6307291666666667 0.587037037037037 0.11197916666666667 0.21851851851851853
0 0.3958333333333333 0.6439814814814815 0.10989583333333333 0.24814814814814815
0 0.032552083333333336 0.6541666666666667 0.06510416666666667 0.1712962962962963
0 0.9197916666666667 0.9606481481481481 0.07395833333333333 0.0787037037037037
0 0.31536458333333334 0.5828703703703704 0.16927083333333334 0.3074074074074074
0 0.35078125 0.3962962962962963 0.125 0.19814814814814816
0 0.26015625 0.8981481481481481 0.09635416666666667 0.09444444444444444
0 0.5807291666666666 0.37083333333333335 0.07552083333333333 0.12407407407407407
0 0.7317708333333334 0.8856481481481482 0.153125 0.22870370370370371
0 0.5614583333333333 0.49722222222222223 0.103125 0.2361111111111111
0 0.16536458333333334 0.2861111111111111 0.10104166666666667 0.1638888888888889
0 0.06927083333333334 0.4861111111111111 0.13854166666666667 0.27037037037037037
0 0.14010416666666667 0.4166666666666667 0.11979166666666667 0.2037037037037037
0 0.3736979166666667 0.2740740740740741 0.0953125 0.16111111111111112
0 0.46171875 0.3037037037037037 0.1171875 0.1814814814814815
0 0.75546875 0.4888888888888889 0.096875 0.1527777777777778
0 0.9046875 0.8231481481481482 0.09635416666666667 0.1361111111111111
0 0.8169270833333333 0.5675925925925925 0.1 0.16574074074074074
0 0.8778645833333333 0.9842592592592593 0.0921875 0.03148148148148148
0 0.34088541666666666 0.17037037037037037 0.09583333333333334 0.1648148148148148
0 0.8109375 0.7296296296296296 0.12447916666666667 0.2175925925925926
0 0.06067708333333333 0.1884259259259259 0.08333333333333333 0.17685185185185184
0 0.10234375 0.13935185185185187 0.0765625 0.15092592592592594
0 0.8716145833333333 0.3972222222222222 0.0859375 0.16296296296296298
0 0.27890625 0.25046296296296294 0.12760416666666666 0.21296296296296297
0 0.3072916666666667 0.1037037037037037 0.08541666666666667 0.14166666666666666
0 0.25625 0.17546296296296296 0.10260416666666666 0.17037037037037037
0 0.057291666666666664 0.30648148148148147 0.1078125 0.2361111111111111
0 0.7927083333333333 0.9689814814814814 0.140625 0.062037037037037036
0 0.8411458333333334 0.9004629629629629 0.12604166666666666 0.19907407407407407
0 0.73046875 0.6324074074074074 0.14166666666666666 0.2638888888888889
0 0.31484375 0.04814814814814815 0.09114583333333333 0.0962962962962963
0 0.77734375 0.412962962962963 0.09010416666666667 0.1398148148148148
0 0.690625 0.3712962962962963 0.09791666666666667 0.15462962962962962
0 0.9466145833333334 0.8652777777777778 0.06041666666666667 0.13796296296296295
0 0.6622395833333333 0.4981481481481482 0.11875 0.20833333333333334
0 0.16927083333333334 0.2 0.09583333333333334 0.1425925925925926
0 0.7341145833333333 0.29907407407407405 0.0890625 0.12685185185185185
0 0.5830729166666667 0.2722222222222222 0.065625 0.13148148148148148
0 0.8145833333333333 0.48703703703703705 0.078125 0.1361111111111111
0 0.09661458333333334 0.06620370370370371 0.07760416666666667 0.12129629629629629
0 0.6471354166666666 0.25046296296296294 0.10625 0.1712962962962963
0 0.42994791666666665 0.09490740740740741 0.07864583333333333 0.1111111111111111
0 0.4791666666666667 0.17916666666666667 0.0796875 0.1259259259259259
0 0.81015625 0.3574074074074074 0.07604166666666666 0.12314814814814815
0 0.915625 0.538425925925926 0.08385416666666666 0.12129629629629629
0 0.20546875 0.0412037037037037 0.06510416666666667 0.0824074074074074
0 0.16770833333333332 0.049074074074074076 0.075 0.09814814814814815
0 0.9111979166666667 0.4634259259259259 0.08541666666666667 0.12222222222222222
0 0.7869791666666667 0.3037037037037037 0.05364583333333333 0.08703703703703704
0 0.8330729166666667 0.31203703703703706 0.058333333333333334 0.10185185185185185
0 0.2635416666666667 0.024074074074074074 0.08333333333333333 0.04814814814814815
0 0.11171875 0.020833333333333332 0.06510416666666667 0.041666666666666664
0 0.9692708333333333 0.6708333333333333 0.058854166666666666 0.18796296296296297
0 0.72265625 0.23425925925925925 0.0671875 0.1037037037037037