0 0.22083333333333333 0.15555555555555556 0.06770833333333333 0.1925925925925926
0 0.2630208333333333 0.3435185185185185 0.12864583333333332 0.2722222222222222
0 0.3546875 0.08333333333333333 0.17083333333333334 0.14537037037037037
0 0.42239583333333336 0.9074074074074074 0.128125 0.18518518518518517
0 0.5091145833333334 0.3773148148148148 0.1265625 0.20277777777777778
0 0.378125 0.23333333333333334 0.19322916666666667 0.32222222222222224
0 0.4666666666666667 0.04722222222222222 0.06979166666666667 0.09444444444444444
0 0.49765625 0.20046296296296295 0.11614583333333334 0.23796296296296296
0 0.38046875 0.39444444444444443 0.14583333333333334 0.19814814814814816
0 0.5671875 0.1824074074074074 0.08489583333333334 0.16296296296296298
0 0.5291666666666667 0.5847222222222223 0.14010416666666667 0.18981481481481483
0 0.5466145833333333 0.06388888888888888 0.10989583333333333 0.12777777777777777
0 0.634375 0.03148148148148148 0.07395833333333333 0.06296296296296296
0 0.5200520833333333 0.7597222222222222 0.10677083333333333 0.18796296296296297
0 0.3932291666666667 0.9717592592592592 0.125 0.05648148148148148
0 0.6421875 0.524074074074074 0.07083333333333333 0.10740740740740741
0 0.5822916666666667 0.3384259259259259 0.10885416666666667 0.21851851851851853
0 0.5979166666666667 0.5722222222222222 0.07864583333333333 0.14074074074074075
0 0.6067708333333334 0.08472222222222223 0.09166666666666666 0.16944444444444445
0 0.60859375 0.9013888888888889 0.06979166666666667 0.1398148148148148
0 0.63984375 0.7430555555555556 0.075 0.16296296296296298
0 0.6822916666666666 0.6263888888888889 0.06614583333333333 0.15
0 0.5302083333333333 0.9069444444444444 0.1375 0.18611111111111112
0 0.6263020833333334 0.9574074074074074 0.0703125 0.05185185185185185
0 0.68828125 0.7708333333333334 0.057291666666666664 0.13796296296296295
0 0.5729166666666666 0.75 0.103125 0.1925925925925926
0 0.6705729166666666 0.19027777777777777 0.06822916666666666 0.17407407407407408
0 0.6783854166666666 0.9064814814814814 0.05520833333333333 0.125
0 0.6559895833333333 0.31666666666666665 0.057291666666666664 0.14444444444444443
0 0.6981770833333333 0.8574074074074074 0.04114583333333333 0.0962962962962963
0 0.7083333333333334 0.7231481481481481 0.044270833333333336 0.10462962962962963
0 0.7130208333333333 0.6203703703703703 0.036458333333333336 0.10185185185185185
0 0.7098958333333333 0.9180555555555555 0.05 0.08796296296296297