0 0.3932291666666667 0.7162037037037037 0.09375 0.1787037037037037
0 0.23802083333333332 0.8689814814814815 0.11041666666666666 0.1824074074074074
0 0.31875 0.8115740740740741 0.11145833333333334 0.19907407407407407
0 0.17630208333333333 0.9111111111111111 0.08125 0.16018518518518518
0 0.63984375 0.5092592592592593 0.128125 0.25555555555555554
0 0.3416666666666667 0.6703703703703704 0.109375 0.18703703703703703
0 0.04973958333333333 0.725 0.07447916666666667 0.15092592592592594
0 0.5479166666666667 0.3449074074074074 0.09791666666666667 0.16111111111111112
0 0.19895833333333332 0.7361111111111112 0.08802083333333334 0.1537037037037037
0 0.08828125 0.9657407407407408 0.07447916666666667 0.06851851851851852
0 0.6604166666666667 0.6949074074074074 0.10104166666666667 0.1814814814814815
0 0.41171875 0.4703703703703704 0.10520833333333333 0.17592592592592593
0 0.2630208333333333 0.7106481481481481 0.11927083333333334 0.18703703703703703
0 0.09401041666666667 0.8578703703703704 0.09270833333333334 0.175
0 0.86015625 0.6319444444444444 0.10625 0.21666666666666667
0 0.7885416666666667 0.6435185185185185 0.134375 0.22962962962962963
0 0.3255208333333333 0.41805555555555557 0.08020833333333334 0.12129629629629629
0 0.25286458333333334 0.5027777777777778 0.09583333333333334 0.18796296296296297
0 0.7184895833333333 0.5787037037037037 0.090625 0.18981481481481483
0 0.12526041666666668 0.9694444444444444 0.0578125 0.06111111111111111
0 0.15390625 0.950462962962963 0.0828125 0.09907407407407408
0 0.6994791666666667 0.28425925925925927 0.1046875 0.18796296296296297
0 0.346875 0.5208333333333334 0.1078125 0.1962962962962963
0 0.8 0.47824074074074074 0.146875 0.22777777777777777
0 0.4088541666666667 0.37407407407407406 0.09739583333333333 0.1574074074074074
0 0.6197916666666666 0.2986111111111111 0.09635416666666667 0.19444444444444445
0 0.2828125 0.3787037037037037 0.07864583333333333 0.13240740740740742
0 0.7177083333333333 0.8060185185185185 0.090625 0.15648148148148147
0 0.7864583333333334 0.774537037037037 0.10833333333333334 0.15462962962962962
0 0.9440104166666666 0.21203703703703702 0.06145833333333333 0.11851851851851852
0 0.15416666666666667 0.39351851851851855 0.0578125 0.1111111111111111
0 0.93203125 0.30324074074074076 0.09270833333333334 0.1574074074074074
0 0.9166666666666666 0.4537037037037037 0.1140625 0.21574074074074073
0 0.9703125 0.38796296296296295 0.059375 0.17222222222222222
0 0.7986979166666667 0.3458333333333333 0.12552083333333333 0.20555555555555555
0 0.8971354166666666 0.2175925925925926 0.065625 0.12222222222222222
0 0.08359375 0.4388888888888889 0.06197916666666667 0.0962962962962963
0 0.8026041666666667 0.23703703703703705 0.0859375 0.125
0 0.7416666666666667 0.42916666666666664 0.11302083333333333 0.21851851851851853
0 0.6802083333333333 0.18194444444444444 0.0765625 0.12407407407407407
0 0.18125 0.5671296296296297 0.12135416666666667 0.27870370370370373
0 0.10911458333333333 0.49675925925925923 0.07864583333333333 0.1259259259259259
0 0.9341145833333333 0.1300925925925926 0.0640625 0.12685185185185185
0 0.1015625 0.6314814814814815 0.12447916666666667 0.25092592592592594
0 0.14557291666666666 0.4388888888888889 0.05364583333333333 0.08333333333333333
0 0.20729166666666668 0.3773148148148148 0.07395833333333333 0.11666666666666667
0 0.9544270833333334 0.5259259259259259 0.09114583333333333 0.2351851851851852
0 0.21796875 0.4305555555555556 0.08958333333333333 0.1527777777777778
0 0.5213541666666667 0.27314814814814814 0.07708333333333334 0.11944444444444445
0 0.8697916666666666 0.3277777777777778 0.10260416666666666 0.2537037037037037
0 0.35104166666666664 0.36064814814814816 0.0734375 0.12129629629629629
0 0.23645833333333333 0.30972222222222223 0.075 0.14351851851851852
0 0.11510416666666666 0.42083333333333334 0.05572916666666667 0.09166666666666666
0 0.06015625 0.5342592592592592 0.08125 0.13703703703703704
0 0.4947916666666667 0.37777777777777777 0.10052083333333334 0.20277777777777778
0 0.9177083333333333 0.17824074074074073 0.06770833333333333 0.12129629629629629
0 0.3411458333333333 0.24351851851851852 0.07395833333333333 0.12685185185185185
0 0.020052083333333335 0.5319444444444444 0.04010416666666667 0.10648148148148148
0 0.7796875 0.14074074074074075 0.07135416666666666 0.12037037037037036
0 0.11927083333333334 0.37407407407407406 0.0484375 0.07777777777777778
0 0.58671875 0.23935185185185184 0.0859375 0.14907407407407408
0 0.9184895833333333 0.06435185185185185 0.07291666666666667 0.1111111111111111
0 0.7067708333333333 0.12453703703703704 0.06875 0.12129629629629629
0 0.56171875 0.12037037037037036 0.06041666666666667 0.08888888888888889
0 0.8825520833333333 0.15416666666666667 0.08020833333333334 0.13333333333333333
0 0.8236979166666667 0.10231481481481482 0.07864583333333333 0.14537037037037037
0 0.6622395833333333 0.08148148148148149 0.058333333333333334 0.09444444444444444
0 0.3846354166666667 0.2652777777777778 0.0671875 0.1037037037037037
0 0.2942708333333333 0.27685185185185185 0.059375 0.10925925925925926
0 0.15911458333333334 0.3490740740740741 0.051041666666666666 0.09722222222222222
0 0.51328125 0.18935185185185185 0.0828125 0.15925925925925927
0 0.19661458333333334 0.3337962962962963 0.04791666666666667 0.07592592592592592
0 0.58125 0.17037037037037037 0.09166666666666666 0.14444444444444443
0 0.63359375 0.15833333333333333 0.07552083333333333 0.13425925925925927
0 0.009114583333333334 0.5087962962962963 0.018229166666666668 0.0787037037037037
0 0.7716145833333333 0.07824074074074074 0.07135416666666666 0.13148148148148148
0 0.7432291666666667 0.19305555555555556 0.057291666666666664 0.10648148148148148
0 0.6106770833333334 0.1 0.05416666666666667 0.08148148148148149
0 0.25078125 0.2726851851851852 0.06145833333333333 0.10648148148148148
0 0.875 0.07546296296296297 0.05520833333333333 0.09444444444444444
0 0.9247395833333333 0.02546296296296296 0.044270833333333336 0.05092592592592592