0 0.6877604166666667 0.39537037037037037 0.13020833333333334 0.16666666666666666
0 0.48802083333333335 0.9152777777777777 0.07916666666666666 0.15648148148148147
0 0.5921875 0.6666666666666666 0.14947916666666666 0.22592592592592592
0 0.6380208333333334 0.4875 0.125 0.19166666666666668
0 0.7065104166666667 0.20462962962962963 0.13229166666666667 0.2351851851851852
0 0.62890625 0.10277777777777777 0.0921875 0.1537037037037037
0 0.7466145833333333 0.08101851851851852 0.09791666666666667 0.1259259259259259
0 0.6046875 0.275 0.07916666666666666 0.19166666666666668
0 0.5598958333333334 0.45787037037037037 0.11510416666666666 0.20277777777777778
0 0.4890625 0.4740740740740741 0.06145833333333333 0.14629629629629629
0 0.5088541666666667 0.6148148148148148 0.03958333333333333 0.11388888888888889
0 0.45208333333333334 0.3763888888888889 0.0640625 0.13240740740740742
0 0.44765625 0.5328703703703703 0.059375 0.14074074074074075
0 0.46484375 0.8314814814814815 0.08177083333333333 0.1648148148148148
0 0.559375 0.10740740740740741 0.0625 0.1111111111111111
0 0.5135416666666667 0.2273148148148148 0.1171875 0.1712962962962963
0 0.5 0.09953703703703703 0.0703125 0.11018518518518519
0 0.45078125 0.6671296296296296 0.06927083333333334 0.11851851851851852
0 0.40234375 0.6027777777777777 0.04635416666666667 0.13148148148148148
0 0.41484375 0.48935185185185187 0.05364583333333333 0.09722222222222222
0 0.5255208333333333 0.022685185185185187 0.058333333333333334 0.04537037037037037
0 0.4713541666666667 0.022685185185185187 0.05416666666666667 0.04537037037037037
0 0.4510416666666667 0.13194444444444445 0.042708333333333334 0.09259259259259259
0 0.4205729166666667 0.937962962962963 0.06197916666666667 0.09722222222222222
0 0.34088541666666666 0.9486111111111111 0.050520833333333334 0.0787037037037037
0 0.37213541666666666 0.9199074074074074 0.04895833333333333 0.10092592592592593
0 0.36223958333333334 0.8421296296296297 0.041666666666666664 0.08518518518518518
0 0.4161458333333333 0.16435185185185186 0.05 0.07685185185185185
0 0.42578125 0.2439814814814815 0.0625 0.11388888888888889
0 0.3802083333333333 0.3888888888888889 0.04739583333333333 0.09259259259259259
0 0.37994791666666666 0.2912037037037037 0.0484375 0.09444444444444444
0 0.41067708333333336 0.3611111111111111 0.04114583333333333 0.1037037037037037
0 0.38307291666666665 0.19166666666666668 0.040625 0.0824074074074074
0 0.421875 0.04814814814814815 0.04895833333333333 0.0962962962962963
0 0.3958333333333333 0.09722222222222222 0.041666666666666664 0.07962962962962963
0 0.35989583333333336 0.43148148148148147 0.050520833333333334 0.10277777777777777
0 0.36666666666666664 0.5194444444444445 0.0484375 0.0962962962962963
0 0.37916666666666665 0.6782407407407407 0.06197916666666667 0.06666666666666667
0 0.36796875 0.6018518518518519 0.0484375 0.10185185185185185
0 0.40546875 0.7435185185185185 0.0625 0.07037037037037037
0 0.40859375 0.8166666666666667 0.05625 0.1175925925925926
0 0.3578125 0.044444444444444446 0.06927083333333334 0.08518518518518518
0 0.3533854166666667 0.14027777777777778 0.06145833333333333 0.08518518518518518