0 0.35182291666666665 0.6157407407407407 0.08802083333333334 0.17037037037037037
0 0.175 0.6375 0.10520833333333333 0.1712962962962963
0 0.26145833333333335 0.6462962962962963 0.10520833333333333 0.18888888888888888
0 0.10911458333333333 0.6296296296296297 0.07552083333333333 0.1527777777777778
0 0.6247395833333333 0.6134259259259259 0.11979166666666667 0.24444444444444444
0 0.31614583333333335 0.5356481481481481 0.10416666666666667 0.17685185185185184
0 0.03828125 0.36574074074074076 0.06927083333333334 0.14444444444444443
0 0.5802083333333333 0.39537037037037037 0.09375 0.15092592592592594
0 0.17083333333333334 0.4875 0.08333333333333333 0.14537037037037037
0 0.020833333333333332 0.6472222222222223 0.041666666666666664 0.1388888888888889
0 0.5989583333333334 0.7972222222222223 0.09583333333333334 0.17222222222222222
0 0.4270833333333333 0.4064814814814815 0.1 0.16574074074074074
0 0.23515625 0.512962962962963 0.1140625 0.17407407407407408
0 0.046875 0.5194444444444445 0.08697916666666666 0.16666666666666666
0 0.7950520833333333 0.8902777777777777 0.09895833333333333 0.2074074074074074
0 0.72734375 0.8467592592592592 0.12760416666666666 0.21574074074074073
0 0.3614583333333333 0.2949074074074074 0.07708333333333334 0.11296296296296296
0 0.2755208333333333 0.31666666666666665 0.08958333333333333 0.17962962962962964
0 0.6794270833333333 0.7351851851851852 0.084375 0.1824074074074074
0 0.04244791666666667 0.6685185185185185 0.05416666666666667 0.11018518518518519
0 0.07135416666666666 0.6791666666666667 0.07760416666666667 0.15833333333333333
0 0.7322916666666667 0.45416666666666666 0.09895833333333333 0.17777777777777778
0 0.35625 0.40370370370370373 0.10208333333333333 0.18611111111111112
0 0.7770833333333333 0.7060185185185185 0.140625 0.21203703703703702
0 0.4471354166666667 0.3175925925925926 0.09322916666666667 0.14722222222222223
0 0.6565104166666667 0.4074074074074074 0.09010416666666667 0.18611111111111112
0 0.33203125 0.22685185185185186 0.075 0.12407407407407407
0 0.62421875 0.9333333333333333 0.0859375 0.13333333333333333
0 0.6940104166666666 0.9462962962962963 0.1046875 0.10740740740740741
0 0.9708333333333333 0.5726851851851852 0.057291666666666664 0.11388888888888889
0 0.21197916666666666 0.14351851851851852 0.05416666666666667 0.10648148148148148
0 0.93828125 0.6462962962962963 0.08802083333333334 0.14814814814814814
0 0.8885416666666667 0.7708333333333334 0.10729166666666666 0.20462962962962963
0 0.9575520833333333 0.7555555555555555 0.06354166666666666 0.1675925925925926
0 0.8072916666666666 0.5847222222222223 0.11927083333333334 0.1925925925925926
0 0.9270833333333334 0.5425925925925926 0.06197916666666667 0.11666666666666667
0 0.13723958333333333 0.13194444444444445 0.059375 0.08888888888888889
0 0.83671875 0.4888888888888889 0.0828125 0.11481481481481481
0 0.7359375 0.6171296296296296 0.10625 0.20833333333333334
0 0.7388020833333333 0.34675925925925927 0.0734375 0.11666666666666667
0 0.19505208333333332 0.3212962962962963 0.11145833333333334 0.26944444444444443
0 0.14661458333333333 0.2037037037037037 0.075 0.1175925925925926
0 0.9755208333333333 0.4912037037037037 0.04895833333333333 0.12129629629629629
0 0.1078125 0.3199074074074074 0.11614583333333334 0.24074074074074073
0 0.19348958333333333 0.17824074074074073 0.0515625 0.07777777777777778
0 0.2638020833333333 0.16898148148148148 0.07083333333333333 0.10925925925925926
0 0.91875 0.8763888888888889 0.1125 0.22407407407407406
0 0.2609375 0.22546296296296298 0.08489583333333334 0.14444444444444443
0 0.5731770833333333 0.3106481481481482 0.0734375 0.1111111111111111
0 0.8760416666666667 0.6217592592592592 0.09322916666666667 0.24722222222222223
0 0.39791666666666664 0.26157407407407407 0.06979166666666667 0.11388888888888889
0 0.3065104166666667 0.12962962962962962 0.0703125 0.13703703703703704
0 0.17005208333333333 0.1388888888888889 0.053125 0.08518518518518518
0 0.09322916666666667 0.20046296296296295 0.07760416666666667 0.1287037037037037
0 0.52421875 0.3851851851851852 0.09375 0.19444444444444445
0 0.9549479166666667 0.5222222222222223 0.0640625 0.11481481481481481
0 0.41692708333333334 0.14814814814814814 0.0703125 0.11944444444444445
0 0.051041666666666666 0.1638888888888889 0.051041666666666666 0.10185185185185185
0 0.8388020833333333 0.38425925925925924 0.06770833333333333 0.11296296296296296
0 0.18489583333333334 0.1 0.04635416666666667 0.07314814814814814
0 0.6403645833333333 0.3287037037037037 0.08177083333333333 0.14074074074074075
0 0.9739583333333334 0.41898148148148145 0.052083333333333336 0.10277777777777777
0 0.7768229166666667 0.3148148148148148 0.06510416666666667 0.11481481481481481
0 0.64609375 0.2023148148148148 0.058333333333333334 0.08148148148148149
0 0.92890625 0.4740740740740741 0.0765625 0.125
0 0.8880208333333334 0.38287037037037036 0.07395833333333333 0.13796296296296295
0 0.7466145833333333 0.24259259259259258 0.05520833333333333 0.08796296296296297
0 0.4510416666666667 0.20092592592592592 0.0640625 0.0962962962962963
0 0.36666666666666664 0.14305555555555555 0.05572916666666667 0.1037037037037037
0 0.22682291666666668 0.10694444444444444 0.04791666666666667 0.09259259259259259
0 0.5859375 0.22824074074074074 0.07760416666666667 0.15185185185185185
0 0.26458333333333334 0.12175925925925926 0.04583333333333333 0.0712962962962963
0 0.6520833333333333 0.2625 0.08802083333333334 0.13425925925925927
0 0.7020833333333333 0.29074074074074074 0.07135416666666666 0.12685185185185185
0 0.04375 0.13194444444444445 0.035416666666666666 0.07592592592592592
0 0.8463541666666666 0.32175925925925924 0.0671875 0.125
0 0.7934895833333333 0.4046296296296296 0.05364583333333333 0.10092592592592593
0 0.6953125 0.22037037037037038 0.052083333333333336 0.07592592592592592
0 0.328125 0.10694444444444444 0.058333333333333334 0.1
0 0.940625 0.39675925925925926 0.05260416666666667 0.08888888888888889
0 0.98984375 0.3768518518518518 0.0203125 0.07407407407407407