0 0.5776041666666667 0.37546296296296294 0.08697916666666666 0.16296296296296298
0 0.5111979166666667 0.7245370370370371 0.057291666666666664 0.10092592592592593
0 0.5669270833333333 0.6893518518518519 0.06145833333333333 0.09444444444444444
0 0.45260416666666664 0.26435185185185184 0.0953125 0.1685185185185185
0 0.35989583333333336 0.29305555555555557 0.11041666666666666 0.17407407407407408
0 0.3489583333333333 0.4412037037037037 0.11041666666666666 0.18981481481481483
0 0.28359375 0.32175925925925924 0.0984375 0.1824074074074074
0 0.2674479166666667 0.4601851851851852 0.08541666666666667 0.14444444444444443
0 0.6041666666666666 0.21203703703703702 0.1125 0.20925925925925926
0 0.44609375 0.4527777777777778 0.096875 0.1537037037037037
0 0.5184895833333333 0.324537037037037 0.08229166666666667 0.12407407407407407
0 0.6278645833333333 0.5416666666666666 0.08645833333333333 0.17777777777777778
0 0.5182291666666666 0.20277777777777778 0.10572916666666667 0.19074074074074074
0 0.21848958333333332 0.3861111111111111 0.078125 0.17407407407407408
0 0.74453125 0.4046296296296296 0.11302083333333333 0.1962962962962963
0 0.9283854166666666 0.32407407407407407 0.11510416666666666 0.13796296296296295
0 0.5091145833333334 0.4287037037037037 0.0921875 0.13796296296296295
0 0.865625 0.41574074074074074 0.0875 0.1962962962962963
0 0.8552083333333333 0.5925925925925926 0.078125 0.1361111111111111
0 0.36380208333333336 0.6819444444444445 0.07083333333333333 0.1388888888888889
0 0.9333333333333333 0.45925925925925926 0.1078125 0.18055555555555555
0 0.8375 0.6916666666666667 0.0640625 0.10185185185185185
0 0.9453125 0.6486111111111111 0.07604166666666666 0.125
0 0.6872395833333333 0.5425925925925926 0.1 0.2601851851851852
0 0.4421875 0.7087962962962963 0.08020833333333334 0.16666666666666666
0 0.05520833333333333 0.48703703703703705 0.0625 0.12222222222222222
0 0.14010416666666667 0.6504629629629629 0.06822916666666666 0.10277777777777777
0 0.6794270833333333 0.7555555555555555 0.0734375 0.1175925925925926
0 0.16901041666666666 0.7194444444444444 0.0734375 0.09537037037037037
0 0.6966145833333334 0.3194444444444444 0.13802083333333334 0.2490740740740741
0 0.91484375 0.575462962962963 0.06979166666666667 0.12407407407407407
0 0.7736979166666667 0.5504629629629629 0.1171875 0.2462962962962963
0 0.6106770833333334 0.7625 0.07239583333333334 0.11018518518518519
0 0.61484375 0.8398148148148148 0.07552083333333333 0.10648148148148148
0 0.365625 0.7773148148148148 0.06822916666666666 0.0962962962962963
0 0.30052083333333335 0.6935185185185185 0.059895833333333336 0.09444444444444444
0 0.9765625 0.29953703703703705 0.0375 0.10925925925925926
0 0.08723958333333333 0.6425925925925926 0.075 0.15833333333333333
0 0.4440104166666667 0.8699074074074075 0.08385416666666666 0.16296296296296298
0 0.050520833333333334 0.3111111111111111 0.0828125 0.14074074074074075
0 0.8213541666666667 0.8199074074074074 0.07135416666666666 0.08333333333333333
0 0.7231770833333333 0.65 0.07708333333333334 0.16666666666666666
0 0.23046875 0.6023148148148149 0.07760416666666667 0.1388888888888889
0 0.76328125 0.6620370370370371 0.049479166666666664 0.1287037037037037
0 0.95546875 0.2412037037037037 0.06666666666666667 0.08611111111111111
0 0.7869791666666667 0.7810185185185186 0.05260416666666667 0.1
0 0.8880208333333334 0.6606481481481481 0.058854166666666666 0.10925925925925926
0 0.55 0.7675925925925926 0.06302083333333333 0.1
0 0.9747395833333333 0.44537037037037036 0.050520833333333334 0.17962962962962964
0 0.11822916666666666 0.7356481481481482 0.0578125 0.08796296296296297
0 0.03723958333333333 0.6203703703703703 0.0734375 0.16944444444444445
0 0.6177083333333333 0.6708333333333333 0.0796875 0.16296296296296298
0 0.67265625 0.8416666666666667 0.06458333333333334 0.0962962962962963
0 0.9057291666666667 0.7305555555555555 0.0734375 0.13425925925925927
0 0.19765625 0.6351851851851852 0.06197916666666667 0.16574074074074074
0 0.12421875 0.8263888888888888 0.05520833333333333 0.08055555555555556
0 0.43723958333333335 0.3597222222222222 0.08385416666666666 0.10555555555555556
0 0.027864583333333335 0.43194444444444446 0.05572916666666667 0.1935185185185185
0 0.04479166666666667 0.7305555555555555 0.065625 0.10833333333333334
0 0.9622395833333334 0.5879629629629629 0.07552083333333333 0.16666666666666666
0 0.5104166666666666 0.8203703703703704 0.07395833333333333 0.14351851851851852
0 0.5557291666666667 0.8115740740740741 0.0484375 0.07407407407407407
0 0.6315104166666666 0.8907407407407407 0.051041666666666666 0.06666666666666667
0 0.7200520833333334 0.7731481481481481 0.05677083333333333 0.10462962962962963
0 0.3145833333333333 0.7513888888888889 0.058333333333333334 0.08425925925925926
0 0.07604166666666666 0.812962962962963 0.049479166666666664 0.08518518518518518
0 0.9044270833333333 0.812037037037037 0.07864583333333333 0.07962962962962963
0 0.3653645833333333 0.8740740740740741 0.06145833333333333 0.10092592592592593
0 0.42109375 0.586574074074074 0.1109375 0.17037037037037037
0 0.97421875 0.7351851851851852 0.0515625 0.13148148148148148
0 0.32578125 0.825 0.06875 0.09722222222222222