0 0.7427083333333333 0.8865740740740741 0.09947916666666666 0.1574074074074074
0 0.7138020833333333 0.7180555555555556 0.121875 0.23981481481481481
0 0.5971354166666667 0.9388888888888889 0.1328125 0.11388888888888889
0 0.47682291666666665 0.6157407407407407 0.09739583333333333 0.15648148148148147
0 0.6145833333333334 0.10462962962962963 0.10104166666666667 0.20925925925925926
0 0.5044270833333333 0.937037037037037 0.07447916666666667 0.1259259259259259
0 0.5109375 0.25277777777777777 0.11770833333333333 0.18796296296296297
0 0.6065104166666667 0.638425925925926 0.13489583333333333 0.1814814814814815
0 0.5955729166666667 0.7925925925925926 0.16458333333333333 0.2851851851851852
0 0.48515625 0.7833333333333333 0.1046875 0.21296296296296297
0 0.7815104166666667 0.8004629629629629 0.04739583333333333 0.1685185185185185
0 0.4078125 0.3976851851851852 0.06614583333333333 0.12777777777777777
0 0.6559895833333333 0.06111111111111111 0.1328125 0.12222222222222222
0 0.48151041666666666 0.3958333333333333 0.128125 0.16944444444444445
0 0.4127604166666667 0.7777777777777778 0.08541666666666667 0.16203703703703703
0 0.4044270833333333 0.6194444444444445 0.09583333333333334 0.2
0 0.4239583333333333 0.07731481481481481 0.0796875 0.14351851851851852
0 0.365625 0.8625 0.08802083333333334 0.16203703703703703
0 0.425 0.9194444444444444 0.11145833333333334 0.16111111111111112
0 0.3385416666666667 0.9328703703703703 0.075 0.13425925925925927
0 0.3893229166666667 0.9597222222222223 0.08697916666666666 0.08055555555555556
0 0.5091145833333334 0.09398148148148149 0.1390625 0.18796296296296297
0 0.30494791666666665 0.9310185185185185 0.05260416666666667 0.13796296296296295
0 0.3776041666666667 0.07037037037037037 0.07135416666666666 0.11203703703703703
0 0.37786458333333334 0.20972222222222223 0.08177083333333333 0.16666666666666666
0 0.4544270833333333 0.22314814814814815 0.11145833333333334 0.2
0 0.3268229166666667 0.1550925925925926 0.06614583333333333 0.1527777777777778
0 0.35390625 0.42083333333333334 0.0703125 0.10925925925925926
0 0.32447916666666665 0.31712962962962965 0.090625 0.18055555555555555
0 0.30026041666666664 0.7314814814814815 0.058333333333333334 0.13425925925925927
0 0.33203125 0.6240740740740741 0.06614583333333333 0.13518518518518519
0 0.33984375 0.047685185185185185 0.06041666666666667 0.05092592592592592
0 0.3151041666666667 0.06851851851851852 0.0453125 0.08055555555555556
0 0.2942708333333333 0.9837962962962963 0.041666666666666664 0.032407407407407406
0 0.2947916666666667 0.19305555555555556 0.0546875 0.11388888888888889