0 0.6502604166666667 0.39351851851851855 0.090625 0.17407407407407408
0 0.8276041666666667 0.38287037037037036 0.1078125 0.17592592592592593
0 0.7411458333333333 0.3685185185185185 0.1078125 0.1935185185185185
0 0.8932291666666666 0.39490740740740743 0.078125 0.15555555555555556
0 0.3776041666666667 0.37916666666666665 0.12291666666666666 0.2490740740740741
0 0.684375 0.4759259259259259 0.10625 0.1814814814814815
0 0.95859375 0.662962962962963 0.07135416666666666 0.14722222222222223
0 0.41770833333333335 0.5995370370370371 0.0953125 0.15555555555555556
0 0.8286458333333333 0.5328703703703703 0.08541666666666667 0.14907407407407408
0 0.9796875 0.38287037037037036 0.040625 0.14166666666666666
0 0.40677083333333336 0.19675925925925927 0.09791666666666667 0.17592592592592593
0 0.57109375 0.5976851851851852 0.10208333333333333 0.17037037037037037
0 0.7651041666666667 0.5037037037037037 0.11614583333333334 0.17962962962962964
0 0.953125 0.5087962962962963 0.08958333333333333 0.17037037037037037
0 0.21276041666666667 0.09861111111111111 0.10260416666666666 0.19722222222222222
0 0.2794270833333333 0.13935185185185187 0.13125 0.2212962962962963
0 0.634375 0.7134259259259259 0.07864583333333333 0.11574074074074074
0 0.7208333333333333 0.6972222222222222 0.0921875 0.18425925925925926
0 0.32526041666666666 0.2537037037037037 0.08697916666666666 0.18611111111111112
0 0.9606770833333333 0.3597222222222222 0.05572916666666667 0.11296296296296296
0 0.93203125 0.3476851851851852 0.0796875 0.16111111111111112
0 0.2669270833333333 0.5310185185185186 0.1015625 0.1814814814814815
0 0.6419270833333334 0.6050925925925926 0.1046875 0.18981481481481483
0 0.22708333333333333 0.2773148148148148 0.14322916666666666 0.21944444444444444
0 0.54921875 0.6856481481481481 0.09479166666666666 0.15185185185185185
0 0.3419270833333333 0.5828703703703704 0.09270833333333334 0.18981481481481483
0 0.6625 0.7833333333333333 0.0765625 0.12777777777777777
0 0.3841145833333333 0.06342592592592593 0.08802083333333334 0.12685185185185185
0 0.3145833333333333 0.049074074074074076 0.10625 0.09814814814814815
0 0.030729166666666665 0.39814814814814814 0.058854166666666666 0.11574074074074074
0 0.7809895833333333 0.8740740740740741 0.05572916666666667 0.10833333333333334
0 0.06484375 0.3263888888888889 0.09010416666666667 0.15185185185185185
0 0.11692708333333333 0.2050925925925926 0.11041666666666666 0.20925925925925926
0 0.04791666666666667 0.2162037037037037 0.06614583333333333 0.16944444444444445
0 0.19453125 0.3962962962962963 0.121875 0.19814814814814816
0 0.07395833333333333 0.4310185185185185 0.06354166666666666 0.11944444444444445
0 0.85546875 0.8902777777777777 0.06041666666666667 0.09166666666666666
0 0.16328125 0.49027777777777776 0.084375 0.11944444444444445
0 0.26666666666666666 0.3680555555555556 0.10885416666666667 0.21203703703703702
0 0.25833333333333336 0.638425925925926 0.07447916666666667 0.11944444444444445
0 0.8013020833333333 0.6976851851851852 0.115625 0.2740740740740741
0 0.8473958333333333 0.8180555555555555 0.0765625 0.12037037037037036
0 0.024739583333333332 0.4791666666666667 0.049479166666666664 0.12314814814814815
0 0.8885416666666667 0.7046296296296296 0.11979166666666667 0.24537037037037038
0 0.8 0.8407407407407408 0.05260416666666667 0.08055555555555556
0 0.7294270833333333 0.8453703703703703 0.07239583333333334 0.11203703703703703
0 0.08880208333333334 0.10601851851851851 0.11614583333333334 0.21203703703703702
0 0.73359375 0.7893518518518519 0.08697916666666666 0.14814814814814814
0 0.4231770833333333 0.6847222222222222 0.075 0.11481481481481481
0 0.1265625 0.35509259259259257 0.096875 0.25
0 0.5971354166666667 0.7444444444444445 0.07135416666666666 0.11666666666666667
0 0.6861979166666666 0.8824074074074074 0.07239583333333334 0.1398148148148148
0 0.82265625 0.8814814814814815 0.05416666666666667 0.08796296296296297
0 0.90078125 0.8245370370370371 0.07916666666666666 0.13148148148148148
0 0.4734375 0.6129629629629629 0.096875 0.19814814814814816
0 0.04583333333333333 0.449537037037037 0.065625 0.1175925925925926
0 0.5760416666666667 0.8569444444444444 0.071875 0.12222222222222222
0 0.9421875 0.8638888888888889 0.052083333333333336 0.1037037037037037
0 0.15911458333333334 0.5944444444444444 0.06927083333333334 0.11574074074074074
0 0.80703125 0.9194444444444444 0.04739583333333333 0.075
0 0.35625 0.6625 0.08333333333333333 0.14351851851851852
0 0.02578125 0.5504629629629629 0.0515625 0.10648148148148148
0 0.21979166666666666 0.6675925925925926 0.06666666666666667 0.1175925925925926
0 0.34817708333333336 0.788425925925926 0.059375 0.08425925925925926
0 0.07083333333333333 0.49907407407407406 0.078125 0.12777777777777777
0 0.10989583333333333 0.5930555555555556 0.07552083333333333 0.14074074074074075
0 0.2484375 0.7421296296296296 0.05677083333333333 0.09074074074074075
0 0.54296875 0.8023148148148148 0.06510416666666667 0.09907407407407408
0 0.6263020833333334 0.8648148148148148 0.057291666666666664 0.10555555555555556
0 0.7651041666666667 0.9097222222222222 0.049479166666666664 0.09444444444444444
0 0.4088541666666667 0.7662037037037037 0.0796875 0.15462962962962962
0 0.7278645833333334 0.8925925925925926 0.046875 0.07314814814814814
0 0.34322916666666664 0.7282407407407407 0.08958333333333333 0.1388888888888889
0 0.29375 0.6967592592592593 0.07291666666666667 0.12962962962962962
0 0.9486979166666667 0.8962962962962963 0.036458333333333336 0.07685185185185185
0 0.15026041666666667 0.6564814814814814 0.06875 0.12777777777777777
0 0.20494791666666667 0.5773148148148148 0.05572916666666667 0.10277777777777777
0 0.29921875 0.7671296296296296 0.053125 0.07777777777777778
0 0.6638020833333333 0.9037037037037037 0.059375 0.10277777777777777
0 0.05755208333333333 0.575462962962963 0.05364583333333333 0.09166666666666666
0 0.009114583333333334 0.5916666666666667 0.018229166666666668 0.07592592592592592