0 0.31875 0.1175925925925926 0.14583333333333334 0.1962962962962963
0 0.46796875 0.5101851851851852 0.07760416666666667 0.13148148148148148
0 0.5140625 0.7129629629629629 0.05416666666666667 0.09814814814814815
0 0.4200520833333333 0.8287037037037037 0.0625 0.11018518518518519
0 0.41953125 0.12685185185185185 0.06614583333333333 0.1287037037037037
0 0.5528645833333333 0.19953703703703704 0.09166666666666666 0.10833333333333334
0 0.48541666666666666 0.12222222222222222 0.09427083333333333 0.17407407407407408
0 0.521875 0.30324074074074076 0.12135416666666667 0.16111111111111112
0 0.5104166666666666 0.5569444444444445 0.06302083333333333 0.11481481481481481
0 0.5473958333333333 0.6717592592592593 0.065625 0.12129629629629629
0 0.57890625 0.7453703703703703 0.06875 0.10833333333333334
0 0.46536458333333336 0.8814814814814815 0.0765625 0.13425925925925927
0 0.4296875 0.7185185185185186 0.1046875 0.17592592592592593
0 0.39401041666666664 0.9458333333333333 0.08802083333333334 0.10833333333333334
0 0.46171875 0.9856481481481482 0.06822916666666666 0.028703703703703703
0 0.5424479166666667 0.03009259259259259 0.04739583333333333 0.06018518518518518
0 0.6442708333333333 0.1375 0.04479166666666667 0.08148148148148149
0 0.5927083333333333 0.33055555555555555 0.06145833333333333 0.10648148148148148
0 0.6114583333333333 0.21342592592592594 0.0515625 0.09351851851851851
0 0.6005208333333333 0.08842592592592592 0.059375 0.08611111111111111
0 0.5364583333333334 0.12824074074074074 0.05260416666666667 0.09166666666666666
0 0.5643229166666667 0.48055555555555557 0.06927083333333334 0.14444444444444443
0 0.5739583333333333 0.6041666666666666 0.0671875 0.13055555555555556
0 0.6138020833333333 0.6078703703703704 0.042708333333333334 0.09166666666666666
0 0.6088541666666667 0.5009259259259259 0.050520833333333334 0.12777777777777777
0 0.6174479166666667 0.8273148148148148 0.058333333333333334 0.1037037037037037
0 0.5473958333333333 0.8856481481481482 0.09270833333333334 0.13333333333333333
0 0.5065104166666666 0.9648148148148148 0.06197916666666667 0.07037037037037037
0 0.5630208333333333 0.961574074074074 0.057291666666666664 0.06851851851851852
0 0.6317708333333333 0.9675925925925926 0.04583333333333333 0.02962962962962963
0 0.69296875 0.6986111111111111 0.0640625 0.09351851851851851
0 0.6815104166666667 0.8930555555555556 0.049479166666666664 0.05925925925925926
0 0.6807291666666667 0.7976851851851852 0.05572916666666667 0.09444444444444444
0 0.68671875 0.9490740740740741 0.058333333333333334 0.04722222222222222
0 0.6283854166666667 0.8870370370370371 0.05572916666666667 0.062037037037037036
0 0.6526041666666667 0.8537037037037037 0.046875 0.07962962962962963
0 0.6182291666666667 0.7134259259259259 0.044270833333333336 0.09166666666666666
0 0.6520833333333333 0.7615740740740741 0.04479166666666667 0.0787037037037037
0 0.6471354166666666 0.6814814814814815 0.03958333333333333 0.08425925925925926
0 0.6411458333333333 0.4824074074074074 0.05 0.07685185185185185
0 0.6286458333333333 0.4134259259259259 0.0484375 0.0712962962962963