0 0.3458333333333333 0.412962962962963 0.10677083333333333 0.1527777777777778
0 0.37421875 0.2824074074074074 0.09166666666666666 0.1574074074074074
0 0.4317708333333333 0.43842592592592594 0.11875 0.18981481481481483
0 0.3106770833333333 0.22592592592592592 0.08697916666666666 0.20462962962962963
0 0.4981770833333333 0.12638888888888888 0.121875 0.2074074074074074
0 0.39427083333333335 0.6694444444444444 0.13802083333333334 0.1925925925925926
0 0.3234375 0.7703703703703704 0.14791666666666667 0.23796296296296296
0 0.37526041666666665 0.9310185185185185 0.1078125 0.10092592592592593
0 0.45078125 0.7865740740740741 0.10364583333333334 0.18611111111111112
0 0.434375 0.25601851851851853 0.11354166666666667 0.22407407407407406
0 0.6158854166666666 0.04814814814814815 0.06041666666666667 0.05185185185185185
0 0.47578125 0.5111111111111111 0.1578125 0.2361111111111111
0 0.4979166666666667 0.2601851851851852 0.1140625 0.1787037037037037
0 0.42239583333333336 0.04675925925925926 0.05677083333333333 0.09259259259259259
0 0.4856770833333333 0.9199074074074074 0.11614583333333334 0.16018518518518518
0 0.5700520833333333 0.375 0.09791666666666667 0.1685185185185185
0 0.5875 0.1865740740740741 0.08333333333333333 0.16666666666666666
0 0.5416666666666666 0.6162037037037037 0.075 0.12222222222222222
0 0.5502604166666667 0.7930555555555555 0.05625 0.10462962962962963
0 0.61484375 0.4615740740740741 0.06927083333333334 0.12129629629629629
0 0.50703125 0.6935185185185185 0.10885416666666667 0.12962962962962962
0 0.478125 0.3625 0.12291666666666666 0.1638888888888889
0 0.3307291666666667 0.13425925925925927 0.07708333333333334 0.14629629629629629
0 0.5645833333333333 0.48935185185185187 0.06875 0.12777777777777777
0 0.59296875 0.812962962962963 0.06666666666666667 0.11203703703703703
0 0.6203125 0.21805555555555556 0.06770833333333333 0.1398148148148148
0 0.5536458333333333 0.9347222222222222 0.05260416666666667 0.09166666666666666
0 0.665625 0.2523148148148148 0.07760416666666667 0.1361111111111111
0 0.62578125 0.32685185185185184 0.0609375 0.11944444444444445
0 0.5924479166666666 0.711574074074074 0.059375 0.10833333333333334
0 0.6205729166666667 0.5509259259259259 0.08333333333333333 0.13333333333333333
0 0.6 0.12407407407407407 0.07604166666666666 0.12222222222222222
0 0.6986979166666667 0.08009259259259259 0.04114583333333333 0.04537037037037037
0 0.6169270833333333 0.06620370370370371 0.08489583333333334 0.09259259259259259
0 0.6252604166666667 0.6398148148148148 0.0640625 0.1037037037037037
0 0.6809895833333334 0.35833333333333334 0.0484375 0.12129629629629629
0 0.66953125 0.47175925925925927 0.0453125 0.09537037037037037
0 0.6625 0.5574074074074075 0.04739583333333333 0.09814814814814815
0 0.5583333333333333 0.6791666666666667 0.08177083333333333 0.12222222222222222
0 0.5692708333333333 0.9657407407407408 0.058333333333333334 0.06851851851851852