0 0.65234375 0.4027777777777778 0.09270833333333334 0.17777777777777778
0 0.8296875 0.40324074074074073 0.109375 0.17962962962962964
0 0.74375 0.3837962962962963 0.11041666666666666 0.19814814814814816
0 0.8950520833333333 0.41944444444444445 0.08020833333333334 0.15833333333333333
0 0.37994791666666666 0.3712962962962963 0.1265625 0.25277777777777777
0 0.6848958333333334 0.4875 0.10833333333333334 0.18518518518518517
0 0.9552083333333333 0.6912037037037037 0.0734375 0.15
0 0.4158854166666667 0.5944444444444444 0.09739583333333333 0.15925925925925927
0 0.8278645833333333 0.5532407407407407 0.0875 0.1527777777777778
0 0.9802083333333333 0.412962962962963 0.03958333333333333 0.14444444444444443
0 0.4127604166666667 0.1912037037037037 0.1 0.17962962962962964
0 0.5690104166666666 0.6023148148148149 0.10416666666666667 0.17407407407407408
0 0.76484375 0.5199074074074074 0.11822916666666666 0.18518518518518517
0 0.9526041666666667 0.5370370370370371 0.09166666666666666 0.17407407407407408
0 0.22109375 0.09074074074074075 0.10572916666666667 0.1814814814814815
0 0.28671875 0.1259259259259259 0.13385416666666666 0.22685185185185186
0 0.6302083333333334 0.7217592592592592 0.0796875 0.11944444444444445
0 0.7169270833333333 0.7106481481481481 0.09479166666666666 0.18796296296296297
0 0.3302083333333333 0.24305555555555555 0.08958333333333333 0.18888888888888888
0 0.9630208333333333 0.38842592592592595 0.057291666666666664 0.11481481481481481
0 0.9346354166666667 0.37453703703703706 0.08177083333333333 0.1638888888888889
0 0.26666666666666666 0.5166666666666667 0.10364583333333334 0.18611111111111112
0 0.6395833333333333 0.6138888888888889 0.10677083333333333 0.1935185185185185
0 0.23177083333333334 0.2601851851851852 0.14583333333333334 0.22592592592592592
0 0.5455729166666666 0.6884259259259259 0.096875 0.15555555555555556
0 0.34036458333333336 0.5726851851851852 0.0953125 0.1935185185185185
0 0.65703125 0.7935185185185185 0.078125 0.13055555555555556
0 0.39296875 0.06111111111111111 0.09010416666666667 0.12222222222222222
0 0.32421875 0.044444444444444446 0.1078125 0.08888888888888889
0 0.03307291666666667 0.36898148148148147 0.06041666666666667 0.1175925925925926
0 0.7734375 0.8912037037037037 0.057291666666666664 0.11018518518518519
0 0.06848958333333334 0.29953703703703705 0.0921875 0.15555555555555556
0 0.12291666666666666 0.1814814814814815 0.11302083333333333 0.21388888888888888
0 0.05364583333333333 0.18796296296296297 0.06875 0.1712962962962963
0 0.19661458333333334 0.3773148148148148 0.12447916666666667 0.2037037037037037
0 0.07578125 0.4046296296296296 0.06510416666666667 0.12129629629629629
0 0.8473958333333333 0.9120370370370371 0.06145833333333333 0.09444444444444444
0 0.16380208333333332 0.46944444444444444 0.08541666666666667 0.12314814814814815
0 0.26927083333333335 0.3537037037037037 0.11197916666666667 0.21666666666666667
0 0.2557291666666667 0.6231481481481481 0.07604166666666666 0.12314814814814815
0 0.7971354166666667 0.7162037037037037 0.11927083333333334 0.27685185185185185
0 0.8408854166666667 0.8398148148148148 0.078125 0.12407407407407407
0 0.025520833333333333 0.44907407407407407 0.051041666666666666 0.1259259259259259
0 0.8841145833333334 0.7287037037037037 0.12291666666666666 0.2490740740740741
0 0.7932291666666667 0.8587962962962963 0.053125 0.0824074074074074
0 0.7223958333333333 0.8597222222222223 0.0734375 0.11481481481481481
0 0.09661458333333334 0.09444444444444444 0.11927083333333334 0.18888888888888888
0 0.7276041666666667 0.8037037037037037 0.08854166666666667 0.15092592592592594
0 0.41953125 0.6800925925925926 0.07604166666666666 0.11851851851851852
0 0.1296875 0.33194444444444443 0.10104166666666667 0.25277777777777777
0 0.5924479166666666 0.750462962962963 0.07291666666666667 0.11944444444444445
0 0.6786458333333333 0.8935185185185185 0.07395833333333333 0.1425925925925926
0 0.81484375 0.9009259259259259 0.05520833333333333 0.08981481481481482
0 0.8940104166666667 0.8495370370370371 0.08072916666666667 0.13518518518518519
0 0.4713541666666667 0.6111111111111112 0.09947916666666666 0.20185185185185187
0 0.046875 0.4212962962962963 0.0671875 0.11944444444444445
0 0.5690104166666666 0.8611111111111112 0.0734375 0.125
0 0.9346354166666667 0.8912037037037037 0.05364583333333333 0.10555555555555556
0 0.15755208333333334 0.5731481481481482 0.07083333333333333 0.11851851851851852
0 0.7986979166666667 0.9384259259259259 0.0484375 0.07685185185185185
0 0.353125 0.6532407407407408 0.08489583333333334 0.14722222222222223
0 0.025520833333333333 0.5203703703703704 0.051041666666666666 0.10925925925925926
0 0.21666666666666667 0.65 0.06822916666666666 0.12037037037037036
0 0.3424479166666667 0.7791666666666667 0.059895833333333336 0.08703703703703704
0 0.07109375 0.4726851851851852 0.0796875 0.13148148148148148
0 0.10833333333333334 0.5689814814814815 0.07760416666666667 0.14351851851851852
0 0.24401041666666667 0.7263888888888889 0.0578125 0.09259259259259259
0 0.5369791666666667 0.8046296296296296 0.06666666666666667 0.10185185185185185
0 0.6190104166666667 0.8722222222222222 0.058854166666666666 0.10740740740740741
0 0.75703125 0.9259259259259259 0.050520833333333334 0.0962962962962963
0 0.4036458333333333 0.7601851851851852 0.08177083333333333 0.1574074074074074
0 0.7200520833333334 0.9064814814814814 0.04739583333333333 0.075
0 0.3390625 0.7180555555555556 0.09114583333333333 0.1425925925925926
0 0.29010416666666666 0.6837962962962963 0.07447916666666667 0.13240740740740742
0 0.940625 0.9236111111111112 0.0375 0.07777777777777778
0 0.14739583333333334 0.6347222222222222 0.0703125 0.13055555555555556
0 0.20338541666666668 0.5587962962962963 0.05677083333333333 0.10555555555555556
0 0.29401041666666666 0.7546296296296297 0.05416666666666667 0.08055555555555556
0 0.6559895833333333 0.913425925925926 0.0609375 0.10555555555555556
0 0.05625 0.5481481481481482 0.0546875 0.09351851851851851
0 0.008854166666666666 0.5601851851851852 0.017708333333333333 0.07777777777777778