0 0.33828125 0.49166666666666664 0.09947916666666666 0.13148148148148148
0 0.3453125 0.3527777777777778 0.08333333333333333 0.14074074074074075
0 0.42473958333333334 0.4740740740740741 0.10833333333333334 0.1675925925925926
0 0.2755208333333333 0.32916666666666666 0.07395833333333333 0.19166666666666668
0 0.4401041666666667 0.14166666666666666 0.11041666666666666 0.18425925925925926
0 0.42473958333333334 0.7143518518518519 0.12864583333333332 0.1648148148148148
0 0.37213541666666666 0.8462962962962963 0.13489583333333333 0.2111111111111111
0 0.4466145833333333 0.9680555555555556 0.1046875 0.06388888888888888
0 0.49713541666666666 0.799537037037037 0.09270833333333334 0.1675925925925926
0 0.39921875 0.29768518518518516 0.1 0.20555555555555555
0 0.5411458333333333 0.013888888888888888 0.059375 0.027777777777777776
0 0.4783854166666667 0.5226851851851851 0.14583333333333334 0.20555555555555555
0 0.46067708333333335 0.27037037037037037 0.1046875 0.1574074074074074
0 0.35520833333333335 0.10231481481481482 0.0515625 0.08148148148148149
0 0.553125 0.9208333333333333 0.10677083333333333 0.15833333333333333
0 0.5479166666666667 0.3453703703703704 0.08854166666666667 0.15092592592592594
0 0.5354166666666667 0.15601851851851853 0.0734375 0.1527777777777778
0 0.5580729166666667 0.5912037037037037 0.06822916666666666 0.10833333333333334
0 0.59375 0.7569444444444444 0.05 0.09444444444444444
0 0.6044270833333333 0.40694444444444444 0.0625 0.10925925925925926
0 0.53671875 0.6824074074074075 0.10364583333333334 0.10648148148148148
0 0.45755208333333336 0.3787037037037037 0.11510416666666666 0.1388888888888889
0 0.28046875 0.2310185185185185 0.06822916666666666 0.13333333333333333
0 0.5604166666666667 0.4583333333333333 0.06145833333333333 0.11574074074074074
0 0.6380208333333334 0.7550925925925925 0.0609375 0.09907407407407408
0 0.571875 0.1699074074074074 0.059375 0.1287037037037037
0 0.6190104166666667 0.8916666666666667 0.04791666666666667 0.0824074074074074
0 0.6208333333333333 0.18055555555555555 0.06979166666666667 0.12129629629629629
0 0.5942708333333333 0.2722222222222222 0.05416666666666667 0.10833333333333334
0 0.6216145833333333 0.6578703703703703 0.053125 0.09722222222222222
0 0.6239583333333333 0.4898148148148148 0.07604166666666666 0.1175925925925926
0 0.5380208333333333 0.08981481481481482 0.06927083333333334 0.10833333333333334
0 0.6260416666666667 0.008333333333333333 0.03958333333333333 0.016666666666666666
0 0.5450520833333333 0.031018518518518518 0.08177083333333333 0.062037037037037036
0 0.6419270833333334 0.5726851851851852 0.058333333333333334 0.09166666666666666
0 0.6520833333333333 0.275 0.040625 0.11481481481481481
0 0.65859375 0.38981481481481484 0.03958333333333333 0.08796296296296297
0 0.6651041666666667 0.4759259259259259 0.04114583333333333 0.09074074074074075
0 0.5838541666666667 0.6435185185185185 0.07552083333333333 0.10648148148148148
0 0.64140625 0.9296296296296296 0.05260416666666667 0.09074074074074075
0 0.6466145833333333 0.9643518518518519 0.0421875 0.041666666666666664