0 0.3921875 0.2851851851851852 0.09375 0.15185185185185185
0 0.3307291666666667 0.056018518518518516 0.08333333333333333 0.05648148148148148
0 0.34817708333333336 0.14212962962962963 0.10364583333333334 0.1824074074074074
0 0.4778645833333333 0.7458333333333333 0.134375 0.2064814814814815
0 0.42421875 0.2 0.096875 0.18055555555555555
0 0.5807291666666666 0.6032407407407407 0.0828125 0.16296296296296298
0 0.37161458333333336 0.7592592592592593 0.09427083333333333 0.16574074074074074
0 0.52734375 0.3476851851851852 0.090625 0.17407407407407408
0 0.41302083333333334 0.08194444444444444 0.09114583333333333 0.14722222222222223
0 0.38229166666666664 0.9402777777777778 0.11354166666666667 0.11944444444444445
0 0.5669270833333333 0.2023148148148148 0.06145833333333333 0.13518518518518519
0 0.5286458333333334 0.07037037037037037 0.09895833333333333 0.14074074074074075
0 0.42942708333333335 0.8763888888888889 0.10104166666666667 0.14444444444444443
0 0.59609375 0.8787037037037037 0.09739583333333333 0.17222222222222222
0 0.50703125 0.22685185185185186 0.10208333333333333 0.17685185185185184
0 0.46979166666666666 0.9546296296296296 0.10520833333333333 0.09074074074074075
0 0.58125 0.3541666666666667 0.08072916666666667 0.16203703703703703
0 0.5979166666666667 0.7361111111111112 0.10260416666666666 0.15555555555555556
0 0.5942708333333333 0.13148148148148148 0.06770833333333333 0.13055555555555556
0 0.3026041666666667 0.8467592592592592 0.08072916666666667 0.15
0 0.3111979166666667 0.9398148148148148 0.0765625 0.12037037037037036
0 0.54375 0.9708333333333333 0.09375 0.058333333333333334
0 0.509375 0.9217592592592593 0.11354166666666667 0.15648148148148147
0 0.6557291666666667 0.8564814814814815 0.06354166666666666 0.12777777777777777
0 0.6046875 0.03009259259259259 0.057291666666666664 0.06018518518518518
0 0.57421875 0.041666666666666664 0.0765625 0.08333333333333333
0 0.6239583333333333 0.5652777777777778 0.0609375 0.1287037037037037
0 0.59609375 0.25416666666666665 0.06197916666666667 0.12129629629629629
0 0.63828125 0.05925925925925926 0.07552083333333333 0.11851851851851852
0 0.56875 0.5055555555555555 0.10729166666666666 0.16203703703703703
0 0.6625 0.25092592592592594 0.06510416666666667 0.12222222222222222
0 0.63515625 0.6847222222222222 0.07708333333333334 0.1425925925925926
0 0.6841145833333333 0.9092592592592592 0.06302083333333333 0.1111111111111111
0 0.7044270833333334 0.6550925925925926 0.044270833333333336 0.10185185185185185
0 0.7138020833333333 0.8375 0.04791666666666667 0.0962962962962963
0 0.6450520833333333 0.325 0.052083333333333336 0.11203703703703703
0 0.6497395833333334 0.16435185185185186 0.05677083333333333 0.09722222222222222
0 0.671875 0.5611111111111111 0.08333333333333333 0.13425925925925927
0 0.6302083333333334 0.0125 0.0375 0.025
0 0.67421875 0.6837962962962963 0.0734375 0.1537037037037037
0 0.6744791666666666 0.7773148148148148 0.06927083333333334 0.12314814814814815
0 0.6403645833333333 0.9476851851851852 0.05260416666666667 0.05555555555555555
0 0.7098958333333333 0.7439814814814815 0.04114583333333333 0.09074074074074075
0 0.6572916666666667 0.08796296296296297 0.05520833333333333 0.10092592592592593