0 0.4010416666666667 0.19583333333333333 0.1078125 0.16944444444444445
0 0.3776041666666667 0.337037037037037 0.12760416666666666 0.18796296296296297
0 0.4700520833333333 0.34675925925925927 0.1296875 0.2212962962962963
0 0.32708333333333334 0.16157407407407406 0.09114583333333333 0.2101851851851852
0 0.5065104166666666 0.0625 0.11302083333333333 0.125
0 0.45286458333333335 0.586574074074074 0.13958333333333334 0.2101851851851852
0 0.4171875 0.075 0.115625 0.15
0 0.4505208333333333 0.8939814814814815 0.12395833333333334 0.17037037037037037
0 0.39348958333333334 0.7143518518518519 0.14479166666666668 0.2222222222222222
0 0.5234375 0.700925925925926 0.10416666666666667 0.19074074074074074
0 0.4979166666666667 0.9740740740740741 0.10208333333333333 0.05185185185185185
0 0.4557291666666667 0.16944444444444445 0.11302083333333333 0.23055555555555557
0 0.60234375 0.9513888888888888 0.07760416666666667 0.09722222222222222
0 0.5205729166666667 0.15694444444444444 0.11770833333333333 0.2101851851851852
0 0.6510416666666666 0.3416666666666667 0.07395833333333333 0.13518518518518519
0 0.6083333333333333 0.2162037037037037 0.11614583333333334 0.21203703703703702
0 0.5302083333333333 0.4162037037037037 0.16614583333333333 0.24537037037037038
0 0.5723958333333333 0.6 0.08645833333333333 0.1037037037037037
0 0.6161458333333333 0.6893518518518519 0.057291666666666664 0.10555555555555556
0 0.6078125 0.3712962962962963 0.0671875 0.12777777777777777
0 0.6611979166666667 0.7046296296296296 0.06666666666666667 0.10555555555555556
0 0.5627604166666667 0.8171296296296297 0.09427083333333333 0.1425925925925926
0 0.5997395833333333 0.5060185185185185 0.07135416666666666 0.11666666666666667
0 0.603125 0.08981481481481482 0.07916666666666666 0.14074074074074075
0 0.6697916666666667 0.42962962962962964 0.0890625 0.14814814814814814
0 0.34765625 0.07222222222222222 0.07760416666666667 0.14444444444444443
0 0.6536458333333334 0.600925925925926 0.065625 0.11018518518518519
0 0.51171875 0.25601851851851853 0.12760416666666666 0.17314814814814813
0 0.6854166666666667 0.12546296296296297 0.07864583333333333 0.1388888888888889
0 0.5682291666666667 0.8782407407407408 0.09583333333333334 0.14907407407407408
0 0.5416666666666666 0.9921296296296296 0.046875 0.01574074074074074
0 0.6447916666666667 0.9402777777777778 0.05260416666666667 0.09722222222222222
0 0.6234375 0.5592592592592592 0.06927083333333334 0.10648148148148148
0 0.6619791666666667 0.20694444444444443 0.05625 0.12222222222222222
0 0.7026041666666667 0.3425925925925926 0.0609375 0.11666666666666667
0 0.7059895833333333 0.43425925925925923 0.050520833333333334 0.10462962962962963
0 0.7067708333333333 0.2300925925925926 0.06197916666666667 0.14074074074074075
0 0.6908854166666667 0.6777777777777778 0.049479166666666664 0.08796296296296297
0 0.6375 0.9643518518518519 0.057291666666666664 0.0712962962962963
0 0.675 0.5222222222222223 0.0765625 0.11296296296296296
0 0.6421875 0.10277777777777777 0.0609375 0.12407407407407407
0 0.63671875 0.8837962962962963 0.07291666666666667 0.1111111111111111