0 0.5942708333333333 0.42777777777777776 0.1234375 0.20833333333333334
0 0.6450520833333333 0.7490740740740741 0.13177083333333334 0.2037037037037037
0 0.7088541666666667 0.3282407407407407 0.13229166666666667 0.21203703703703702
0 0.7143229166666667 0.16296296296296298 0.14270833333333333 0.2361111111111111
0 0.6778645833333333 0.6125 0.1203125 0.19814814814814816
0 0.5950520833333334 0.9069444444444444 0.11197916666666667 0.18611111111111112
0 0.5885416666666666 0.1527777777777778 0.13697916666666668 0.23425925925925925
0 0.6986979166666667 0.8861111111111111 0.14427083333333332 0.22777777777777777
0 0.45 0.6930555555555555 0.0859375 0.16944444444444445
0 0.5546875 0.3199074074074074 0.13229166666666667 0.21296296296296297
0 0.7393229166666667 0.7569444444444444 0.0765625 0.18425925925925926
0 0.47682291666666665 0.37962962962962965 0.0859375 0.16944444444444445
0 0.4046875 0.7425925925925926 0.05572916666666667 0.13796296296296295
0 0.53125 0.8384259259259259 0.14583333333333334 0.2222222222222222
0 0.4390625 0.5282407407407408 0.06822916666666666 0.11666666666666667
0 0.4140625 0.4162037037037037 0.07447916666666667 0.15092592592592594
0 0.565625 0.05138888888888889 0.1109375 0.10185185185185185
0 0.3841145833333333 0.8921296296296296 0.06510416666666667 0.11944444444444445
0 0.7291666666666666 0.5675925925925925 0.10364583333333334 0.2064814814814815
0 0.4875 0.9449074074074074 0.0625 0.10092592592592593
0 0.43333333333333335 0.2657407407407407 0.0859375 0.17314814814814813
0 0.39166666666666666 0.021296296296296296 0.06354166666666666 0.04259259259259259
0 0.6875 0.04861111111111111 0.0828125 0.0787037037037037
0 0.4901041666666667 0.03148148148148148 0.06354166666666666 0.06296296296296296
0 0.5140625 0.7166666666666667 0.1203125 0.19537037037037036
0 0.49921875 0.8597222222222223 0.06822916666666666 0.13240740740740742
0 0.36484375 0.6819444444444445 0.059375 0.11851851851851852
0 0.3807291666666667 0.8023148148148148 0.05416666666666667 0.12777777777777777
0 0.734375 0.053703703703703705 0.09739583333333333 0.08425925925925926
0 0.44192708333333336 0.1111111111111111 0.08958333333333333 0.17962962962962964
0 0.48880208333333336 0.10416666666666667 0.06822916666666666 0.13333333333333333
0 0.38776041666666666 0.2828703703703704 0.04791666666666667 0.12129629629629629
0 0.440625 0.9287037037037037 0.06875 0.12129629629629629
0 0.440625 0.8208333333333333 0.0796875 0.14629629629629629
0 0.36328125 0.4023148148148148 0.0421875 0.09351851851851851
0 0.42890625 0.9856481481481482 0.04739583333333333 0.023148148148148147
0 0.34453125 0.9166666666666666 0.04375 0.11574074074074074
0 0.3455729166666667 0.7902777777777777 0.050520833333333334 0.13518518518518519
0 0.40390625 0.03657407407407407 0.04114583333333333 0.07314814814814814
0 0.3578125 0.3148148148148148 0.051041666666666666 0.13240740740740742
0 0.35182291666666665 0.5462962962962963 0.05260416666666667 0.125
0 0.3885416666666667 0.5972222222222222 0.0515625 0.10833333333333334
0 0.36380208333333336 0.029166666666666667 0.028645833333333332 0.058333333333333334
0 0.33671875 0.6439814814814815 0.04739583333333333 0.11944444444444445