0 0.5651041666666666 0.6412037037037037 0.13854166666666667 0.25555555555555554
0 0.40520833333333334 0.8162037037037037 0.13802083333333334 0.26851851851851855
0 0.6505208333333333 0.8097222222222222 0.14270833333333333 0.27037037037037037
0 0.7411458333333333 0.7731481481481481 0.1578125 0.29444444444444445
0 0.48828125 0.8347222222222223 0.13229166666666667 0.24722222222222223
0 0.2984375 0.7782407407407408 0.13854166666666667 0.23703703703703705
0 0.7119791666666667 0.5560185185185185 0.15520833333333334 0.2833333333333333
0 0.3385416666666667 0.899537037037037 0.16875 0.20092592592592592
0 0.15234375 0.8907407407407407 0.12864583333333332 0.21851851851851853
0 0.21432291666666667 0.7611111111111111 0.10677083333333333 0.18611111111111112
0 0.38203125 0.46805555555555556 0.10989583333333333 0.1824074074074074
0 0.6125 0.5435185185185185 0.14322916666666666 0.27037037037037037
0 0.83828125 0.6074074074074074 0.1109375 0.20092592592592592
0 0.9588541666666667 0.39675925925925926 0.08229166666666667 0.175
0 0.4265625 0.9476851851851852 0.115625 0.10462962962962963
0 0.5588541666666667 0.4273148148148148 0.10989583333333333 0.1824074074074074
0 0.23671875 0.9018518518518519 0.1171875 0.1962962962962963
0 0.34270833333333334 0.40370370370370373 0.08645833333333333 0.12407407407407407
0 0.32578125 0.6462962962962963 0.15104166666666666 0.2962962962962963
0 0.46796875 0.40370370370370373 0.07760416666666667 0.14166666666666666
0 0.5216145833333333 0.3300925925925926 0.09739583333333333 0.15925925925925927
0 0.7799479166666666 0.48009259259259257 0.1171875 0.22870370370370371
0 0.2559895833333333 0.4101851851851852 0.078125 0.1361111111111111
0 0.5265625 0.9 0.13333333333333333 0.2
0 0.7807291666666667 0.2777777777777778 0.08125 0.1388888888888889
0 0.88203125 0.13564814814814816 0.05625 0.11574074074074074
0 0.8109375 0.3050925925925926 0.06875 0.13055555555555556
0 0.2559895833333333 0.6013888888888889 0.06770833333333333 0.12777777777777777
0 0.6083333333333333 0.3212962962962963 0.11197916666666667 0.18333333333333332
0 0.19713541666666667 0.6046296296296296 0.10208333333333333 0.18518518518518517
0 0.7546875 0.1712962962962963 0.0890625 0.14074074074074075
0 0.8057291666666667 0.6921296296296297 0.0796875 0.16666666666666666
0 0.7622395833333333 0.34953703703703703 0.07083333333333333 0.13240740740740742
0 0.38671875 0.5837962962962963 0.13072916666666667 0.2462962962962963
0 0.30520833333333336 0.5976851851851852 0.0859375 0.14444444444444443
0 0.36432291666666666 0.3189814814814815 0.0765625 0.12685185185185185
0 0.30364583333333334 0.37962962962962965 0.08072916666666667 0.11944444444444445
0 0.8346354166666666 0.7648148148148148 0.1234375 0.20925925925925926
0 0.6942708333333333 0.2935185185185185 0.11614583333333334 0.19166666666666668
0 0.7109375 0.37175925925925923 0.08645833333333333 0.14444444444444443
0 0.9677083333333333 0.2884259259259259 0.0484375 0.12037037037037036
0 0.5864583333333333 0.24814814814814815 0.07552083333333333 0.10740740740740741
0 0.2518229166666667 0.5166666666666667 0.0796875 0.14351851851851852
0 0.8875 0.29907407407407405 0.0765625 0.1287037037037037
0 0.8307291666666666 0.19583333333333333 0.07760416666666667 0.12037037037037036
0 0.3098958333333333 0.48703703703703705 0.09583333333333334 0.1675925925925926
0 0.9450520833333333 0.15092592592592594 0.0484375 0.09537037037037037
0 0.5153645833333333 0.23935185185185184 0.059375 0.09166666666666666
0 0.19713541666666667 0.5217592592592593 0.0640625 0.1037037037037037
0 0.94140625 0.22777777777777777 0.07760416666666667 0.13425925925925927
0 0.23203125 0.3490740740740741 0.071875 0.09907407407407408
0 0.30052083333333335 0.31574074074074077 0.08333333333333333 0.11481481481481481
0 0.8893229166666666 0.3435185185185185 0.13125 0.2518518518518518
0 0.72421875 0.20787037037037037 0.04791666666666667 0.08518518518518518
0 0.5609375 0.20555555555555555 0.08229166666666667 0.11481481481481481
0 0.91875 0.1476851851851852 0.0453125 0.07777777777777778
0 0.43411458333333336 0.25972222222222224 0.07864583333333333 0.11574074074074074
0 0.9075520833333334 0.1763888888888889 0.052083333333333336 0.08703703703703704
0 0.4166666666666667 0.3365740740740741 0.06979166666666667 0.1111111111111111
0 0.8895833333333333 0.21944444444444444 0.05260416666666667 0.09166666666666666
0 0.8489583333333334 0.26805555555555555 0.07760416666666667 0.16203703703703703
0 0.7216145833333333 0.13564814814814816 0.046875 0.06574074074074074
0 0.8677083333333333 0.18518518518518517 0.052083333333333336 0.08611111111111111
0 0.81015625 0.14907407407407408 0.0640625 0.09074074074074075
0 0.8364583333333333 0.11435185185185186 0.05625 0.08518518518518518
0 0.3770833333333333 0.26064814814814813 0.07447916666666667 0.10648148148148148