0 0.4078125 0.26342592592592595 0.08541666666666667 0.13518518518518519
0 0.3625 0.022685185185185187 0.08177083333333333 0.03981481481481482
0 0.3736979166666667 0.11157407407407408 0.09322916666666667 0.1638888888888889
0 0.46119791666666665 0.7393518518518518 0.1234375 0.1814814814814815
0 0.4453125 0.18611111111111112 0.08645833333333333 0.1638888888888889
0 0.5731770833333333 0.6199074074074075 0.0734375 0.14814814814814814
0 0.35494791666666664 0.7296296296296296 0.08541666666666667 0.14907407407407408
0 0.5377604166666666 0.35462962962962963 0.08072916666666667 0.15833333333333333
0 0.44244791666666666 0.06620370370370371 0.0828125 0.13148148148148148
0 0.35104166666666664 0.9310185185185185 0.10520833333333333 0.13796296296296295
0 0.58671875 0.21898148148148147 0.053125 0.125
0 0.5583333333333333 0.07314814814814814 0.090625 0.1361111111111111
0 0.4041666666666667 0.8583333333333333 0.09322916666666667 0.1259259259259259
0 0.56953125 0.8962962962962963 0.08802083333333334 0.15462962962962962
0 0.52578125 0.23055555555555557 0.0921875 0.15833333333333333
0 0.43802083333333336 0.9546296296296296 0.1 0.09074074074074075
0 0.590625 0.3731481481481482 0.07135416666666666 0.14814814814814814
0 0.5809895833333333 0.7555555555555555 0.09427083333333333 0.1361111111111111
0 0.61875 0.15462962962962962 0.06041666666666667 0.11851851851851852
0 0.28020833333333334 0.8013888888888889 0.071875 0.13518518518518519
0 0.28046875 0.9208333333333333 0.06614583333333333 0.15833333333333333
0 0.5106770833333333 0.9787037037037037 0.0921875 0.04259259259259259
0 0.47994791666666664 0.9263888888888889 0.1046875 0.14722222222222223
0 0.6302083333333334 0.8875 0.05625 0.11666666666666667
0 0.6375 0.040740740740740744 0.052083333333333336 0.08148148148148149
0 0.6059895833333333 0.04814814814814815 0.0703125 0.0962962962962963
0 0.61875 0.5916666666666667 0.053125 0.11851851851851852
0 0.6122395833333333 0.2763888888888889 0.05520833333333333 0.1111111111111111
0 0.6677083333333333 0.09166666666666666 0.06875 0.10740740740740741
0 0.56796875 0.5203703703703704 0.09895833333333333 0.14166666666666666
0 0.6783854166666666 0.287962962962963 0.058333333333333334 0.1111111111111111
0 0.6213541666666667 0.7125 0.06875 0.1287037037037037
0 0.6546875 0.9462962962962963 0.05677083333333333 0.1
0 0.6924479166666667 0.6981481481481482 0.03854166666666667 0.09444444444444444
0 0.6890625 0.8810185185185185 0.042708333333333334 0.08796296296296297
0 0.6559895833333333 0.3578703703703704 0.04583333333333333 0.10277777777777777
0 0.6716145833333333 0.19907407407407407 0.0515625 0.08703703703703704
0 0.66640625 0.5981481481481481 0.07604166666666666 0.11851851851851852
0 0.6638020833333333 0.026851851851851852 0.033854166666666664 0.053703703703703705
0 0.66015625 0.7199074074074074 0.06458333333333334 0.14166666666666666
0 0.6541666666666667 0.812962962962963 0.0625 0.1111111111111111
0 0.60859375 0.975 0.05 0.04537037037037037
0 0.6916666666666667 0.7875 0.0359375 0.08425925925925926
0 0.684375 0.12546296296296297 0.049479166666666664 0.09166666666666666