0 0.6697916666666667 0.32314814814814813 0.1390625 0.19166666666666668
0 0.5408854166666667 0.9092592592592592 0.08854166666666667 0.1712962962962963
0 0.6109375 0.625462962962963 0.16197916666666667 0.2537037037037037
0 0.6328125 0.4324074074074074 0.13541666666666666 0.21481481481481482
0 0.6640625 0.12962962962962962 0.14583333333333334 0.25925925925925924
0 0.575 0.07314814814814814 0.10104166666666667 0.14629629629629629
0 0.6872395833333333 0.03287037037037037 0.1046875 0.06574074074074074
0 0.5734375 0.2388888888888889 0.09114583333333333 0.20555555555555555
0 0.553125 0.43472222222222223 0.1265625 0.22314814814814815
0 0.4859375 0.4791666666666667 0.0703125 0.15648148148148147
0 0.5231770833333333 0.6083333333333333 0.046875 0.12037037037037036
0 0.4375 0.39861111111111114 0.071875 0.14351851851851852
0 0.453125 0.5527777777777778 0.06770833333333333 0.15092592592592594
0 0.5078125 0.837037037037037 0.09114583333333333 0.1787037037037037
0 0.5080729166666667 0.09351851851851851 0.06875 0.12222222222222222
0 0.4786458333333333 0.22870370370370371 0.1265625 0.1935185185185185
0 0.44947916666666665 0.10972222222222222 0.07604166666666666 0.12314814814814815
0 0.47317708333333336 0.6824074074074075 0.07604166666666666 0.13148148148148148
0 0.41770833333333335 0.6388888888888888 0.0546875 0.1388888888888889
0 0.415625 0.5236111111111111 0.059375 0.10648148148148148
0 0.4640625 0.02638888888888889 0.06041666666666667 0.05277777777777778
0 0.4114583333333333 0.04351851851851852 0.05677083333333333 0.062037037037037036
0 0.40572916666666664 0.16111111111111112 0.0484375 0.1
0 0.4778645833333333 0.9523148148148148 0.0671875 0.09537037037037037
0 0.40182291666666664 0.9782407407407407 0.0546875 0.04351851851851852
0 0.428125 0.9527777777777777 0.05520833333333333 0.09444444444444444
0 0.4088541666666667 0.888425925925926 0.04635416666666667 0.09259259259259259
0 0.37604166666666666 0.2064814814814815 0.05416666666666667 0.08611111111111111
0 0.3953125 0.28055555555555556 0.06927083333333334 0.125
0 0.3692708333333333 0.4393518518518518 0.05260416666666667 0.10092592592592593
0 0.35651041666666666 0.3449074074074074 0.05416666666666667 0.1037037037037037
0 0.3953125 0.4 0.04739583333333333 0.11018518518518519
0 0.34713541666666664 0.2462962962962963 0.04583333333333333 0.08981481481481482
0 0.36640625 0.08611111111111111 0.05520833333333333 0.11574074074074074
0 0.34765625 0.14907407407407408 0.04635416666666667 0.08703703703703704
0 0.3546875 0.4888888888888889 0.05677083333333333 0.1111111111111111
0 0.37265625 0.5722222222222222 0.05416666666666667 0.10555555555555556
0 0.4049479166666667 0.7222222222222222 0.065625 0.0787037037037037
0 0.3841145833333333 0.6518518518518519 0.0546875 0.1111111111111111
0 0.4388020833333333 0.775 0.065625 0.0824074074074074
0 0.4510416666666667 0.8449074074074074 0.06354166666666666 0.12777777777777777
0 0.30364583333333334 0.11296296296296296 0.07395833333333333 0.09814814814814815
0 0.31171875 0.20833333333333334 0.06614583333333333 0.0962962962962963