0 0.5817708333333333 0.5060185185185185 0.08958333333333333 0.16296296296296298
0 0.371875 0.43148148148148147 0.09895833333333333 0.14722222222222223
0 0.52109375 0.28379629629629627 0.10885416666666667 0.21481481481481482
0 0.4395833333333333 0.24259259259259258 0.075 0.15462962962962962
0 0.275 0.43425925925925923 0.10416666666666667 0.18425925925925926
0 0.35598958333333336 0.20925925925925926 0.11041666666666666 0.18888888888888888
0 0.42864583333333334 0.10277777777777777 0.09791666666666667 0.18055555555555555
0 0.2638020833333333 0.24814814814814815 0.11458333333333333 0.1787037037037037
0 0.2 0.45925925925925926 0.084375 0.1574074074074074
0 0.19869791666666667 0.30185185185185187 0.09791666666666667 0.18796296296296297
0 0.44609375 0.3768518518518518 0.0953125 0.14074074074074075
0 0.7395833333333334 0.2828703703703704 0.1359375 0.25925925925925924
0 0.5263020833333333 0.09675925925925925 0.14010416666666667 0.1935185185185185
0 0.89296875 0.6615740740740741 0.06979166666666667 0.10648148148148148
0 0.909375 0.5083333333333333 0.09427083333333333 0.20277777777777778
0 0.14609375 0.39537037037037037 0.06770833333333333 0.1685185185185185
0 0.6611979166666667 0.21064814814814814 0.18177083333333333 0.2972222222222222
0 0.6752604166666667 0.5555555555555556 0.09114583333333333 0.19814814814814816
0 0.37604166666666666 0.7092592592592593 0.0625 0.11851851851851852
0 0.6442708333333333 0.6893518518518519 0.06458333333333334 0.1111111111111111
0 0.9080729166666667 0.31157407407407406 0.11041666666666666 0.2490740740740741
0 0.35911458333333335 0.3087962962962963 0.10520833333333333 0.13518518518518519
0 0.030729166666666665 0.5189814814814815 0.06145833333333333 0.11388888888888889
0 0.9716145833333333 0.6981481481481482 0.04895833333333333 0.1111111111111111
0 0.30078125 0.6759259259259259 0.07239583333333334 0.13240740740740742
0 0.48125 0.6995370370370371 0.06770833333333333 0.15092592592592594
0 0.6942708333333333 0.7597222222222222 0.090625 0.15092592592592594
0 0.7903645833333334 0.4703703703703704 0.16302083333333334 0.30277777777777776
0 0.12682291666666667 0.6851851851851852 0.06875 0.09166666666666666
0 0.16119791666666666 0.7486111111111111 0.0703125 0.09166666666666666
0 0.9682291666666667 0.4981481481481482 0.06354166666666666 0.15925925925925927
0 0.95234375 0.1638888888888889 0.0953125 0.17962962962962964
0 0.7372395833333333 0.6064814814814815 0.103125 0.22037037037037038
0 0.521875 0.6212962962962963 0.09947916666666666 0.23981481481481481
0 0.5348958333333333 0.7800925925925926 0.08229166666666667 0.14444444444444443
0 0.9567708333333333 0.6037037037037037 0.07239583333333334 0.15555555555555556
0 0.6153645833333333 0.7699074074074074 0.09947916666666666 0.13148148148148148
0 0.8036458333333333 0.6300925925925925 0.06927083333333334 0.1648148148148148
0 0.33255208333333336 0.7921296296296296 0.06927083333333334 0.09907407407407408
0 0.25442708333333336 0.6995370370370371 0.07604166666666666 0.12314814814814815
0 0.6145833333333334 0.6638888888888889 0.12291666666666666 0.19074074074074074
0 0.6966145833333334 0.8527777777777777 0.09010416666666667 0.12129629629629629
0 0.84375 0.774537037037037 0.06458333333333334 0.11944444444444445
0 0.030989583333333334 0.6523148148148148 0.06197916666666667 0.13425925925925927
0 0.08828125 0.6814814814814815 0.075 0.14537037037037037
0 0.8864583333333333 0.8092592592592592 0.09010416666666667 0.10092592592592593
0 0.61953125 0.8518518518518519 0.08854166666666667 0.11296296296296296
0 0.96484375 0.33240740740740743 0.0703125 0.2222222222222222
0 0.7575520833333333 0.7814814814814814 0.0625 0.11851851851851852
0 0.11588541666666667 0.7759259259259259 0.051041666666666666 0.06574074074074074
0 0.8364583333333333 0.5513888888888889 0.07291666666666667 0.1824074074074074
0 0.19192708333333333 0.6199074074074075 0.06614583333333333 0.12962962962962962
0 0.022916666666666665 0.3439814814814815 0.04114583333333333 0.10648148148148148
0 0.3497395833333333 0.09398148148148149 0.08645833333333333 0.17777777777777778
0 0.5140625 0.8490740740740741 0.08229166666666667 0.12222222222222222
0 0.43463541666666666 0.8759259259259259 0.103125 0.21203703703703702
0 0.9635416666666666 0.7898148148148149 0.06041666666666667 0.10833333333333334
0 0.065625 0.35185185185185186 0.0484375 0.1111111111111111
0 0.3182291666666667 0.8597222222222223 0.0484375 0.07685185185185185
0 0.09348958333333333 0.8523148148148149 0.04479166666666667 0.07037037037037037
0 0.016927083333333332 0.7490740740740741 0.033854166666666664 0.08518518518518518
0 0.37447916666666664 0.8347222222222223 0.08229166666666667 0.1037037037037037
0 0.04921875 0.7384259259259259 0.05520833333333333 0.08981481481481482
0 0.12942708333333333 0.8652777777777778 0.04010416666666667 0.06296296296296296
0 0.5872395833333334 0.8856481481481482 0.0671875 0.0962962962962963
0 0.8986979166666667 0.7333333333333333 0.10364583333333334 0.12037037037037036
0 0.5953125 0.9231481481481482 0.05625 0.07685185185185185
0 0.059895833333333336 0.7810185185185186 0.0578125 0.08611111111111111
0 0.3828125 0.9087962962962963 0.0515625 0.09259259259259259
0 0.6606770833333333 0.9185185185185185 0.05677083333333333 0.075
0 0.16536458333333334 0.8384259259259259 0.07083333333333333 0.13148148148148148
0 0.4505208333333333 0.9296296296296296 0.06197916666666667 0.10833333333333334
0 0.7419270833333333 0.7101851851851851 0.084375 0.11018518518518519
0 0.29791666666666666 0.7541666666666667 0.11197916666666667 0.14074074074074075