0 0.490625 0.35555555555555557 0.09583333333333334 0.16666666666666666
0 0.48203125 0.7356481481481482 0.0875 0.1824074074074074
0 0.3765625 0.49722222222222223 0.12552083333333333 0.2037037037037037
0 0.36640625 0.6462962962962963 0.09010416666666667 0.14074074074074075
0 0.4981770833333333 0.9041666666666667 0.1078125 0.19166666666666668
0 0.3609375 0.7981481481481482 0.11145833333333334 0.20462962962962963
0 0.290625 0.6875 0.10625 0.1824074074074074
0 0.3958333333333333 0.9236111111111112 0.10416666666666667 0.1527777777777778
0 0.52109375 0.9768518518518519 0.0859375 0.046296296296296294
0 0.43307291666666664 0.9842592592592593 0.10260416666666666 0.03148148148148148
0 0.43984375 0.6138888888888889 0.08385416666666666 0.17592592592592593
0 0.34296875 0.12731481481481483 0.14947916666666666 0.225
0 0.2708333333333333 0.5166666666666667 0.11770833333333333 0.2574074074074074
0 0.3138020833333333 0.2625 0.17552083333333332 0.337037037037037
0 0.5036458333333333 0.1837962962962963 0.115625 0.1712962962962963
0 0.6356770833333333 0.6851851851851852 0.06927083333333334 0.11666666666666667
0 0.5825520833333333 0.21712962962962962 0.065625 0.11944444444444445
0 0.4158854166666667 0.7773148148148148 0.08125 0.1925925925925926
0 0.62890625 0.8222222222222222 0.07760416666666667 0.13425925925925927
0 0.6138020833333333 0.5013888888888889 0.08802083333333334 0.12777777777777777
0 0.6138020833333333 0.11851851851851852 0.08958333333333333 0.1675925925925926
0 0.4427083333333333 0.07314814814814814 0.16875 0.14629629629629629
0 0.521875 0.08148148148148149 0.128125 0.16296296296296298
0 0.5638020833333334 0.4425925925925926 0.1390625 0.18796296296296297
0 0.65 0.39537037037037037 0.08489583333333334 0.1527777777777778
0 0.6317708333333333 0.2550925925925926 0.07916666666666666 0.1824074074074074
0 0.6885416666666667 0.7481481481481481 0.058854166666666666 0.12777777777777777
0 0.64921875 0.9 0.07291666666666667 0.14074074074074075
0 0.5729166666666666 0.27314814814814814 0.11302083333333333 0.22685185185185186
0 0.6651041666666667 0.09953703703703703 0.07239583333333334 0.16574074074074074
0 0.6768229166666667 0.2351851851851852 0.06822916666666666 0.16203703703703703
0 0.6161458333333333 0.031018518518518518 0.06770833333333333 0.062037037037037036
0 0.29791666666666666 0.8273148148148148 0.10364583333333334 0.16203703703703703
0 0.6916666666666667 0.42083333333333334 0.07239583333333334 0.15185185185185185
0 0.7190104166666667 0.5560185185185185 0.12395833333333334 0.1935185185185185
0 0.728125 0.762962962962963 0.0453125 0.08981481481481482
0 0.70546875 0.6680555555555555 0.06197916666666667 0.15092592592592594
0 0.7005208333333334 0.2865740740740741 0.057291666666666664 0.12407407407407407
0 0.7203125 0.26666666666666666 0.04583333333333333 0.1037037037037037
0 0.7453125 0.6416666666666667 0.05416666666666667 0.09537037037037037
0 0.7072916666666667 0.1527777777777778 0.0453125 0.1037037037037037
0 0.7466145833333333 0.5194444444444445 0.06354166666666666 0.11481481481481481
0 0.5794270833333334 0.059722222222222225 0.06510416666666667 0.11944444444444445
0 0.6729166666666667 0.8148148148148148 0.08385416666666666 0.20555555555555555