0 0.41770833333333335 0.6148148148148148 0.08098958333333334 0.15324074074074073
0 0.49765625 0.274537037037037 0.05364583333333333 0.09398148148148149
0 0.440625 0.30277777777777776 0.058333333333333334 0.08703703703703704
0 0.5380208333333333 0.7407407407407407 0.08984375 0.15787037037037038
0 0.6317708333333333 0.7236111111111111 0.10442708333333334 0.16064814814814815
0 0.6484375 0.5773148148148148 0.10364583333333334 0.17731481481481481
0 0.7088541666666667 0.7046296296296296 0.09192708333333334 0.1712962962962963
0 0.73046875 0.5685185185185185 0.08020833333333334 0.13472222222222222
0 0.3848958333333333 0.774537037037037 0.10494791666666667 0.19675925925925927
0 0.5518229166666667 0.5537037037037037 0.09192708333333334 0.14212962962962963
0 0.4747395833333333 0.6726851851851852 0.07786458333333333 0.11435185185185186
0 0.37395833333333334 0.4425925925925926 0.08020833333333334 0.1685185185185185
0 0.4700520833333333 0.7944444444444444 0.09921875 0.1787037037037037
0 0.7763020833333333 0.6486111111111111 0.071875 0.16574074074074074
0 0.25234375 0.5648148148148148 0.10651041666666666 0.18287037037037038
0 0.06588541666666667 0.6222222222222222 0.11015625 0.125
0 0.48802083333333335 0.5699074074074074 0.08723958333333333 0.12731481481481483
0 0.13203125 0.5388888888888889 0.08020833333333334 0.18703703703703703
0 0.14921875 0.36342592592592593 0.0734375 0.12685185185185185
0 0.64296875 0.3351851851851852 0.06588541666666667 0.1310185185185185
0 0.06614583333333333 0.48703703703703705 0.1015625 0.16805555555555557
0 0.17083333333333334 0.2671296296296296 0.06041666666666667 0.09490740740740741
0 0.06171875 0.2967592592592593 0.071875 0.11712962962962963
0 0.31484375 0.43425925925925923 0.09088541666666666 0.24953703703703703
0 0.5658854166666667 0.29907407407407405 0.07395833333333333 0.15833333333333333
0 0.9432291666666667 0.5680555555555555 0.05807291666666667 0.11527777777777778
0 0.86484375 0.39444444444444443 0.06432291666666666 0.09537037037037037
0 0.33098958333333334 0.22268518518518518 0.06927083333333334 0.1087962962962963
0 0.8388020833333333 0.32222222222222224 0.0703125 0.0875
0 0.296875 0.6555555555555556 0.12890625 0.23333333333333334
0 0.0890625 0.3731481481481482 0.065625 0.11712962962962963
0 0.22890625 0.41574074074074074 0.10833333333333334 0.23333333333333334
0 0.4 0.22453703703703703 0.06901041666666667 0.10231481481481482
0 0.39869791666666665 0.14675925925925926 0.07161458333333333 0.09861111111111111
0 0.6450520833333333 0.23981481481481481 0.06510416666666667 0.08935185185185185
0 0.7065104166666667 0.3314814814814815 0.05677083333333333 0.08796296296296297
0 0.016666666666666666 0.6407407407407407 0.03333333333333333 0.10555555555555556
0 0.9174479166666667 0.40879629629629627 0.06927083333333334 0.15
0 0.5703125 0.13796296296296295 0.078125 0.15416666666666667
0 0.9408854166666667 0.7439814814814815 0.07760416666666667 0.13148148148148148
0 0.19192708333333333 0.1412037037037037 0.06901041666666667 0.075
0 0.2833333333333333 0.3226851851851852 0.07057291666666667 0.15787037037037038
0 0.7729166666666667 0.43148148148148147 0.07291666666666667 0.1300925925925926
0 0.24375 0.3055555555555556 0.04479166666666667 0.12268518518518519
0 0.035416666666666666 0.7018518518518518 0.06354166666666666 0.0787037037037037
0 0.22473958333333333 0.18425925925925926 0.04921875 0.09490740740740741
0 0.11927083333333334 0.2916666666666667 0.05546875 0.10277777777777777
0 0.46067708333333335 0.22685185185185186 0.059375 0.09212962962962963
0 0.022916666666666665 0.4949074074074074 0.04583333333333333 0.1736111111111111
0 0.8901041666666667 0.3125 0.0546875 0.08101851851851852
0 0.96640625 0.4375 0.06692708333333333 0.16111111111111112
0 0.3893229166666667 0.3148148148148148 0.07395833333333333 0.15416666666666667
0 0.3411458333333333 0.13796296296296295 0.06171875 0.08935185185185185
0 0.10442708333333334 0.2199074074074074 0.06901041666666667 0.1259259259259259
0 0.80703125 0.4027777777777778 0.05572916666666667 0.1587962962962963
0 0.8877604166666667 0.22083333333333333 0.05234375 0.07361111111111111
0 0.55703125 0.6476851851851851 0.08046875 0.09675925925925925
0 0.971875 0.6263888888888889 0.055989583333333336 0.18703703703703703
0 0.9630208333333333 0.3263888888888889 0.06171875 0.10092592592592593
0 0.03854166666666667 0.35462962962962963 0.07708333333333334 0.1574074074074074
0 0.5020833333333333 0.17916666666666667 0.06875 0.13518518518518519
0 0.45651041666666664 0.1824074074074074 0.045572916666666664 0.06851851851851852
0 0.3841145833333333 0.09398148148148149 0.04921875 0.06157407407407407
0 0.2911458333333333 0.2 0.053125 0.09814814814814815
0 0.6947916666666667 0.2722222222222222 0.054947916666666666 0.07824074074074074
0 0.93515625 0.24027777777777778 0.04635416666666667 0.07916666666666666
0 0.10885416666666667 0.13842592592592592 0.07630208333333334 0.0699074074074074
0 0.6489583333333333 0.14351851851851852 0.0578125 0.09490740740740741
0 0.58203125 0.4236111111111111 0.10546875 0.15694444444444444
0 0.0296875 0.20555555555555555 0.059375 0.12407407407407407
0 0.6864583333333333 0.19722222222222222 0.06588541666666667 0.08935185185185185