0 0.43072916666666666 0.4634259259259259 0.14895833333333333 0.29907407407407405
0 0.53359375 0.45740740740740743 0.134375 0.30185185185185187
0 0.6408854166666667 0.3648148148148148 0.16770833333333332 0.3194444444444444
0 0.79921875 0.3282407407407407 0.1265625 0.25555555555555554
0 0.33515625 0.35185185185185186 0.15625 0.2490740740740741
0 0.175 0.5745370370370371 0.14166666666666666 0.22777777777777777
0 0.4583333333333333 0.19768518518518519 0.17083333333333334 0.3277777777777778
0 0.5526041666666667 0.22824074074074074 0.1625 0.3
0 0.6200520833333333 0.6712962962962963 0.12239583333333333 0.20833333333333334
0 0.8677083333333333 0.12407407407407407 0.16041666666666668 0.24814814814814815
0 0.62109375 0.5125 0.125 0.25462962962962965
0 0.44817708333333334 0.65 0.17083333333333334 0.29259259259259257
0 0.9143229166666667 0.4476851851851852 0.1046875 0.20277777777777778
0 0.8192708333333333 0.4722222222222222 0.10104166666666667 0.17685185185185184
0 0.946875 0.3300925925925926 0.10364583333333334 0.2037037037037037
0 0.12630208333333334 0.44305555555555554 0.12447916666666667 0.2064814814814815
0 0.7752604166666667 0.13518518518518519 0.1171875 0.27037037037037037
0 0.5372395833333333 0.6527777777777778 0.09791666666666667 0.16944444444444445
0 0.2552083333333333 0.5333333333333333 0.1109375 0.17777777777777778
0 0.19895833333333332 0.3680555555555556 0.11666666666666667 0.19444444444444445
0 0.7234375 0.4199074074074074 0.1046875 0.24537037037037038
0 0.8846354166666667 0.2824074074074074 0.11458333333333333 0.1935185185185185
0 0.659375 0.7513888888888889 0.11302083333333333 0.17407407407407408
0 0.3184895833333333 0.16712962962962963 0.17083333333333334 0.262037037037037
0 0.0859375 0.5953703703703703 0.1 0.19444444444444445
0 0.22890625 0.22777777777777777 0.11822916666666666 0.21203703703703702
0 0.5385416666666667 0.7361111111111112 0.10416666666666667 0.16018518518518518
0 0.11536458333333334 0.8439814814814814 0.07760416666666667 0.12685185185185185
0 0.5760416666666667 0.8023148148148148 0.09322916666666667 0.13240740740740742
0 0.8020833333333334 0.6175925925925926 0.07760416666666667 0.1361111111111111
0 0.8153645833333333 0.027777777777777776 0.1546875 0.05555555555555555
0 0.7072916666666667 0.6671296296296296 0.0796875 0.13796296296296295
0 0.4713541666666667 0.7763888888888889 0.0875 0.14537037037037037
0 0.19609375 0.8449074074074074 0.09375 0.1361111111111111
0 0.16432291666666668 0.899537037037037 0.06614583333333333 0.09444444444444444
0 0.71171875 0.5263888888888889 0.08020833333333334 0.15462962962962962
0 0.8627604166666667 0.6300925925925925 0.0953125 0.12037037037037036
0 0.484375 0.850925925925926 0.09739583333333333 0.14166666666666666
0 0.92109375 0.08333333333333333 0.09322916666666667 0.16666666666666666
0 0.41067708333333336 0.9064814814814814 0.0703125 0.18703703703703703
0 0.93828125 0.22268518518518518 0.09322916666666667 0.17314814814814813
0 0.30390625 0.46435185185185185 0.10572916666666667 0.1537037037037037
0 0.17447916666666666 0.7712962962962963 0.10416666666666667 0.16203703703703703
0 0.30026041666666664 0.7736111111111111 0.075 0.1388888888888889
0 0.21953125 0.4444444444444444 0.1078125 0.14537037037037037
0 0.23802083333333332 0.7976851851851852 0.07552083333333333 0.125
0 0.13098958333333333 0.9412037037037037 0.050520833333333334 0.07314814814814814
0 0.959375 0.487962962962963 0.08125 0.1425925925925926
0 0.95 0.5532407407407407 0.1 0.1527777777777778
0 0.44921875 0.9300925925925926 0.0671875 0.13055555555555556
0 0.6442708333333333 0.836574074074074 0.06197916666666667 0.08703703703703704
0 0.50234375 0.8893518518518518 0.05572916666666667 0.07962962962962963
0 0.5815104166666667 0.8680555555555556 0.06510416666666667 0.09907407407407408