0 0.5643229166666667 0.35324074074074074 0.1 0.18425925925925926
0 0.5330729166666667 0.7175925925925926 0.06510416666666667 0.11481481481481481
0 0.584375 0.6657407407407407 0.06822916666666666 0.10925925925925926
0 0.43046875 0.2828703703703704 0.10833333333333334 0.19166666666666668
0 0.3416666666666667 0.3398148148148148 0.12291666666666666 0.20092592592592592
0 0.3455729166666667 0.4888888888888889 0.125 0.21666666666666667
0 0.26953125 0.3912037037037037 0.1125 0.20555555555555555
0 0.2669270833333333 0.5324074074074074 0.09635416666666667 0.16574074074074074
0 0.57421875 0.18425925925925926 0.12864583333333332 0.2361111111111111
0 0.44244791666666666 0.4703703703703704 0.10833333333333334 0.17777777777777778
0 0.5010416666666667 0.32175925925925924 0.09166666666666666 0.14537037037037037
0 0.6302083333333334 0.5013888888888889 0.10052083333333334 0.19814814814814816
0 0.4890625 0.2013888888888889 0.1203125 0.21574074074074073
0 0.21171875 0.47453703703703703 0.0921875 0.19166666666666668
0 0.7315104166666667 0.33055555555555555 0.128125 0.22314814814814815
0 0.9046875 0.19490740740740742 0.12395833333333334 0.1685185185185185
0 0.5020833333333333 0.42685185185185187 0.10208333333333333 0.16203703703703703
0 0.8518229166666667 0.30416666666666664 0.103125 0.21574074074074073
0 0.8588541666666667 0.48148148148148145 0.08854166666666667 0.15462962962962962
0 0.38359375 0.7212962962962963 0.08177083333333333 0.15555555555555556
0 0.92265625 0.32592592592592595 0.12135416666666667 0.2074074074074074
0 0.8510416666666667 0.5842592592592593 0.07135416666666666 0.1175925925925926
0 0.9528645833333333 0.5087962962962963 0.08541666666666667 0.14444444444444443
0 0.6885416666666667 0.4842592592592593 0.121875 0.2814814814814815
0 0.4635416666666667 0.7231481481481481 0.09322916666666667 0.18518518518518517
0 0.06067708333333333 0.624537037037037 0.07239583333333334 0.1361111111111111
0 0.16041666666666668 0.7592592592592593 0.07552083333333333 0.12037037037037036
0 0.7018229166666666 0.6962962962962963 0.08229166666666667 0.1361111111111111
0 0.19557291666666668 0.8180555555555555 0.08020833333333334 0.11481481481481481
0 0.6760416666666667 0.26157407407407407 0.15729166666666666 0.2824074074074074
0 0.9158854166666667 0.4462962962962963 0.0796875 0.14166666666666666
0 0.7744791666666667 0.4652777777777778 0.13697916666666668 0.27314814814814814
0 0.6346354166666667 0.7240740740740741 0.08072916666666667 0.1287037037037037
0 0.6463541666666667 0.799074074074074 0.08333333333333333 0.1259259259259259
0 0.39479166666666665 0.8148148148148148 0.07552083333333333 0.11388888888888889
0 0.32265625 0.7523148148148148 0.0671875 0.11018518518518519
0 0.9497395833333333 0.15555555555555556 0.046875 0.11666666666666667
0 0.10729166666666666 0.7680555555555556 0.0875 0.175
0 0.48098958333333336 0.8814814814814815 0.096875 0.1824074074074074
0 0.042708333333333334 0.4527777777777778 0.08541666666666667 0.16111111111111112
0 0.84765625 0.7157407407407408 0.07708333333333334 0.10277777777777777
0 0.734375 0.5787037037037037 0.09010416666666667 0.18425925925925926
0 0.24453125 0.6837962962962963 0.08854166666666667 0.15833333333333333
0 0.775 0.5782407407407407 0.06041666666666667 0.1388888888888889
0 0.9234375 0.10416666666666667 0.07239583333333334 0.1037037037037037
0 0.81015625 0.687962962962963 0.06041666666666667 0.11296296296296296
0 0.89765625 0.538425925925926 0.06770833333333333 0.12314814814814815
0 0.5752604166666667 0.7481481481481481 0.0703125 0.11574074074074074
0 0.9635416666666666 0.29953703703703705 0.06822916666666666 0.18888888888888888
0 0.146875 0.8495370370370371 0.0640625 0.10277777777777777
0 0.055989583333333336 0.7611111111111111 0.08697916666666666 0.18518518518518517
0 0.6325520833333333 0.6319444444444444 0.09270833333333334 0.18055555555555555
0 0.7033854166666667 0.7828703703703703 0.071875 0.11296296296296296
0 0.921875 0.6018518518518519 0.08385416666666666 0.15185185185185185
0 0.21536458333333333 0.7263888888888889 0.07552083333333333 0.1787037037037037
0 0.16171875 0.9375 0.0609375 0.09444444444444444
0 0.4244791666666667 0.38101851851851853 0.09114583333333333 0.12777777777777777
0 0.032552083333333336 0.5796296296296296 0.06510416666666667 0.20555555555555555
0 0.07447916666666667 0.8675925925925926 0.07395833333333333 0.125
0 0.9596354166666666 0.44212962962962965 0.08072916666666667 0.18611111111111112
0 0.5416666666666666 0.812037037037037 0.08489583333333334 0.16111111111111112
0 0.5854166666666667 0.7893518518518519 0.05364583333333333 0.08611111111111111
0 0.6677083333333333 0.8439814814814814 0.05572916666666667 0.08055555555555556
0 0.7434895833333334 0.7013888888888888 0.06510416666666667 0.11851851851851852
0 0.3419270833333333 0.8046296296296296 0.0640625 0.09907407407407408
0 0.11302083333333333 0.9393518518518519 0.05572916666666667 0.09722222222222222
0 0.9286458333333333 0.6824074074074075 0.08333333333333333 0.10092592592592593
0 0.40390625 0.9101851851851852 0.06875 0.11666666666666667
0 0.43072916666666666 0.6092592592592593 0.1234375 0.19814814814814816
0 0.9794270833333333 0.5833333333333334 0.04114583333333333 0.14629629629629629
0 0.36015625 0.8740740740740741 0.07552083333333333 0.11481481481481481