0 0.7309895833333333 0.9087962962962963 0.09583333333333334 0.14907407407407408
0 0.70703125 0.7375 0.115625 0.23055555555555557
0 0.5841145833333333 0.9472222222222222 0.13072916666666667 0.10277777777777777
0 0.4734375 0.6134259259259259 0.09375 0.14907407407407408
0 0.6263020833333334 0.1125 0.0953125 0.20833333333333334
0 0.49140625 0.9384259259259259 0.07135416666666666 0.12314814814814815
0 0.5182291666666666 0.25416666666666665 0.11302083333333333 0.1787037037037037
0 0.60234375 0.6481481481481481 0.13072916666666667 0.17037037037037037
0 0.58671875 0.8009259259259259 0.15729166666666666 0.2722222222222222
0 0.47682291666666665 0.7819444444444444 0.09947916666666666 0.20462962962962963
0 0.7721354166666666 0.825925925925926 0.042708333333333334 0.16574074074074074
0 0.4109375 0.38935185185185184 0.0625 0.12314814814814815
0 0.6692708333333334 0.06574074074074074 0.12916666666666668 0.13148148148148148
0 0.48463541666666665 0.39444444444444443 0.12447916666666667 0.15925925925925927
0 0.4046875 0.7694444444444445 0.08125 0.15555555555555556
0 0.4010416666666667 0.6101851851851852 0.090625 0.1925925925925926
0 0.43645833333333334 0.07037037037037037 0.07604166666666666 0.13703703703703704
0 0.35520833333333335 0.8495370370370371 0.08385416666666666 0.15555555555555556
0 0.4122395833333333 0.9175925925925926 0.10677083333333333 0.1648148148148148
0 0.3260416666666667 0.9226851851851852 0.07135416666666666 0.1398148148148148
0 0.37552083333333336 0.9560185185185185 0.084375 0.08796296296296297
0 0.5213541666666667 0.09212962962962963 0.134375 0.18425925925925926
0 0.29244791666666664 0.9226851851851852 0.04791666666666667 0.15462962962962962
0 0.390625 0.059722222222222225 0.06822916666666666 0.10555555555555556
0 0.38645833333333335 0.1986111111111111 0.07708333333333334 0.16018518518518518
0 0.4625 0.21944444444444444 0.10625 0.19166666666666668
0 0.33697916666666666 0.1398148148148148 0.0625 0.14814814814814814
0 0.35651041666666666 0.4074074074074074 0.06770833333333333 0.1037037037037037
0 0.3302083333333333 0.3013888888888889 0.0859375 0.17407407407407408
0 0.29375 0.7125 0.0546875 0.13055555555555556
0 0.32864583333333336 0.6083333333333333 0.06302083333333333 0.13055555555555556
0 0.353125 0.03333333333333333 0.059375 0.046296296296296294
0 0.32786458333333335 0.05185185185185185 0.043229166666666666 0.07685185185185185
0 0.2799479166666667 0.975 0.04010416666666667 0.05
0 0.30416666666666664 0.17407407407407408 0.052083333333333336 0.11018518518518519