0 0.3580729166666667 0.7444444444444445 0.07473958333333333 0.1638888888888889
0 0.440625 0.750462962962963 0.08125 0.19768518518518519
0 0.4236979166666667 0.5888888888888889 0.10078125 0.19305555555555556
0 0.12109375 0.5282407407407408 0.08098958333333334 0.13842592592592592
0 0.35703125 0.8800925925925925 0.10546875 0.11990740740740741
0 0.23463541666666668 0.5976851851851852 0.09869791666666666 0.17824074074074073
0 0.55859375 0.5601851851851852 0.09192708333333334 0.21435185185185185
0 0.2591145833333333 0.7537037037037037 0.12395833333333334 0.16666666666666666
0 0.7270833333333333 0.4898148148148148 0.07135416666666666 0.19537037037037036
0 0.6427083333333333 0.6319444444444444 0.09765625 0.2222222222222222
0 0.60390625 0.4111111111111111 0.0890625 0.15138888888888888
0 0.79140625 0.22916666666666666 0.049479166666666664 0.09027777777777778
0 0.7947916666666667 0.38425925925925924 0.0765625 0.17546296296296296
0 0.21848958333333332 0.7615740740740741 0.04375 0.09583333333333334
0 0.3302083333333333 0.6564814814814814 0.11171875 0.15787037037037038
0 0.94765625 0.4462962962962963 0.09166666666666666 0.18194444444444444
0 0.7286458333333333 0.2111111111111111 0.05390625 0.11898148148148148
0 0.051041666666666666 0.5555555555555556 0.08151041666666667 0.13935185185185187
0 0.8471354166666667 0.20601851851851852 0.043229166666666666 0.06574074074074074
0 0.13489583333333333 0.43796296296296294 0.06796875 0.1037037037037037
0 0.3078125 0.5476851851851852 0.09765625 0.17175925925925925
0 0.3770833333333333 0.2777777777777778 0.06354166666666666 0.10787037037037037
0 0.8291666666666667 0.26666666666666666 0.053385416666666664 0.09305555555555556
0 0.3190104166666667 0.3819444444444444 0.09947916666666666 0.1685185185185185
0 0.775 0.18981481481481483 0.04453125 0.0763888888888889
0 0.446875 0.46805555555555556 0.10651041666666666 0.2574074074074074
0 0.85390625 0.325 0.06197916666666667 0.12916666666666668
0 0.5369791666666667 0.3509259259259259 0.040625 0.14027777777777778
0 0.9057291666666667 0.43425925925925923 0.06171875 0.1763888888888889
0 0.05364583333333333 0.47638888888888886 0.06197916666666667 0.08518518518518518
0 0.9736979166666667 0.34629629629629627 0.04244791666666667 0.07962962962962963
0 0.9057291666666667 0.2726851851851852 0.059895833333333336 0.11018518518518519
0 0.9619791666666667 0.2763888888888889 0.045572916666666664 0.08796296296296297
0 0.5752604166666667 0.2537037037037037 0.049479166666666664 0.08287037037037037
0 0.8661458333333333 0.3972222222222222 0.08072916666666667 0.1726851851851852
0 0.4036458333333333 0.3453703703703704 0.06041666666666667 0.09583333333333334
0 0.024479166666666666 0.6842592592592592 0.0484375 0.10277777777777777
0 0.57265625 0.17222222222222222 0.046614583333333334 0.10092592592592593
0 0.6578125 0.31527777777777777 0.0625 0.14537037037037037
0 0.022916666666666665 0.3680555555555556 0.04583333333333333 0.11064814814814815
0 0.09479166666666666 0.4212962962962963 0.054947916666666666 0.08842592592592592
0 0.03802083333333333 0.43657407407407406 0.05755208333333333 0.08796296296296297
0 0.8520833333333333 0.1337962962962963 0.03619791666666667 0.060648148148148145
0 0.4791666666666667 0.3263888888888889 0.05260416666666667 0.10740740740740741
0 0.240625 0.42083333333333334 0.08619791666666667 0.11712962962962963
0 0.4205729166666667 0.22407407407407406 0.0671875 0.13287037037037036
0 0.07005208333333333 0.3384259259259259 0.05234375 0.07962962962962963
0 0.9174479166666667 0.17592592592592593 0.046614583333333334 0.07685185185185185
0 0.2981770833333333 0.8680555555555556 0.07916666666666666 0.10694444444444444
0 0.51796875 0.21064814814814814 0.05026041666666667 0.09814814814814815
0 0.0546875 0.7226851851851852 0.10572916666666667 0.18055555555555555
0 0.3640625 0.5388888888888889 0.071875 0.2013888888888889
0 0.24817708333333333 0.2708333333333333 0.06953125 0.11574074074074074
0 0.68984375 0.29074074074074074 0.06614583333333333 0.14629629629629629
0 0.7947916666666667 0.13935185185185187 0.046614583333333334 0.06898148148148148
0 0.7841145833333333 0.30324074074074076 0.050520833333333334 0.0763888888888889
0 0.7052083333333333 0.14351851851851852 0.045572916666666664 0.07546296296296297
0 0.8231770833333333 0.09305555555555556 0.05026041666666667 0.10185185185185185
0 0.50234375 0.2726851851851852 0.046614583333333334 0.10648148148148148
0 0.30078125 0.2916666666666667 0.06015625 0.07592592592592592
0 0.3651041666666667 0.1884259259259259 0.05520833333333333 0.0875
0 0.41432291666666665 0.16064814814814815 0.051041666666666666 0.07083333333333333
0 0.3026041666666667 0.20879629629629629 0.06953125 0.0824074074074074
0 0.13125 0.287962962962963 0.0578125 0.06527777777777778
0 0.81484375 0.18888888888888888 0.04140625 0.05740740740740741
0 0.55078125 0.12777777777777777 0.04088541666666667 0.07268518518518519
0 0.7348958333333333 0.1439814814814815 0.061197916666666664 0.07731481481481481
0 0.7768229166666667 0.07777777777777778 0.05572916666666667 0.09166666666666666
0 0.46979166666666666 0.1925925925925926 0.04895833333333333 0.11898148148148148
0 0.93984375 0.20879629629629629 0.03697916666666667 0.07777777777777778
0 0.19817708333333334 0.42777777777777776 0.04609375 0.10416666666666667
0 0.24739583333333334 0.3509259259259259 0.06276041666666667 0.08564814814814815
0 0.8828125 0.09444444444444444 0.0578125 0.09444444444444444
0 0.9833333333333333 0.17916666666666667 0.03307291666666667 0.0912037037037037
0 0.9794270833333333 0.25046296296296294 0.04088541666666667 0.09907407407407408
0 0.08802083333333334 0.49675925925925923 0.0546875 0.11388888888888889
0 0.6763020833333333 0.1712962962962963 0.0484375 0.11203703703703703
0 0.9442708333333333 0.12129629629629629 0.04401041666666667 0.10185185185185185
0 0.04869791666666667 0.39305555555555555 0.054427083333333334 0.08148148148148149
0 0.16197916666666667 0.44166666666666665 0.05416666666666667 0.15462962962962962
0 0.10286458333333333 0.3347222222222222 0.03229166666666667 0.04861111111111111