0 0.596875 0.7305555555555555 0.08802083333333334 0.1398148148148148
0 0.6463541666666667 0.9685185185185186 0.08229166666666667 0.044444444444444446
0 0.6338541666666667 0.8800925925925925 0.09635416666666667 0.16944444444444445
0 0.5341145833333333 0.25833333333333336 0.12708333333333333 0.18888888888888888
0 0.5606770833333333 0.8106481481481481 0.08958333333333333 0.1685185185185185
0 0.42473958333333334 0.38472222222222224 0.07604166666666666 0.1527777777777778
0 0.640625 0.26157407407407407 0.08802083333333334 0.1537037037037037
0 0.46510416666666665 0.6472222222222223 0.08385416666666666 0.16296296296296298
0 0.565625 0.9300925925925926 0.08541666666666667 0.1361111111111111
0 0.6393229166666666 0.06574074074074074 0.1078125 0.13148148148148148
0 0.41875 0.7861111111111111 0.05572916666666667 0.12777777777777777
0 0.44973958333333336 0.9296296296296296 0.09322916666666667 0.14074074074074075
0 0.5885416666666666 0.1361111111111111 0.09583333333333334 0.13148148148148148
0 0.42265625 0.10787037037037037 0.090625 0.15925925925925927
0 0.4796875 0.7708333333333334 0.0953125 0.1638888888888889
0 0.5518229166666667 0.04490740740740741 0.1015625 0.08981481481481482
0 0.4119791666666667 0.6324074074074074 0.07395833333333333 0.1527777777777778
0 0.4140625 0.25 0.096875 0.14166666666666666
0 0.3880208333333333 0.8527777777777777 0.0625 0.12222222222222222
0 0.7138020833333333 0.18518518518518517 0.07447916666666667 0.1398148148148148
0 0.71015625 0.07268518518518519 0.06927083333333334 0.14537037037037037
0 0.4791666666666667 0.023148148148148147 0.09270833333333334 0.046296296296296294
0 0.5114583333333333 0.07453703703703704 0.10729166666666666 0.14907407407407408
0 0.36223958333333334 0.12083333333333333 0.058333333333333334 0.11944444444444445
0 0.37057291666666664 0.9625 0.05364583333333333 0.075
0 0.40260416666666665 0.9532407407407407 0.071875 0.09351851851851851
0 0.3796875 0.41574074074074074 0.05520833333333333 0.12129629629629629
0 0.3921875 0.7300925925925926 0.057291666666666664 0.11388888888888889
0 0.34036458333333336 0.9185185185185185 0.07083333333333333 0.11203703703703703
0 0.4317708333333333 0.4837962962962963 0.1015625 0.14814814814814814
0 0.32578125 0.7231481481481481 0.06041666666666667 0.11481481481481481
0 0.37447916666666664 0.2953703703703704 0.07135416666666666 0.13240740740740742
0 0.33619791666666665 0.06342592592592593 0.058333333333333334 0.10185185185185185
0 0.30390625 0.3138888888888889 0.04010416666666667 0.09722222222222222
0 0.3033854166666667 0.13055555555555556 0.044270833333333336 0.09074074074074075
0 0.346875 0.6518518518518519 0.04791666666666667 0.10555555555555556
0 0.334375 0.8111111111111111 0.053125 0.08981481481481482
0 0.33177083333333335 0.4125 0.078125 0.12314814814814815
0 0.3450520833333333 0.9777777777777777 0.034895833333333334 0.044444444444444446
0 0.33541666666666664 0.2898148148148148 0.0671875 0.14444444444444443
0 0.33984375 0.19675925925925927 0.06458333333333334 0.11481481481481481
0 0.38203125 0.03194444444444444 0.050520833333333334 0.04814814814814815
0 0.3028645833333333 0.22453703703703703 0.0375 0.08611111111111111
0 0.32317708333333334 0.8861111111111111 0.051041666666666666 0.09444444444444444