0 0.6921875 0.8643518518518518 0.15 0.20925925925925926
0 0.5317708333333333 0.48703703703703705 0.08020833333333334 0.13703703703703704
0 0.4796875 0.28888888888888886 0.05625 0.10277777777777777
0 0.5703125 0.16435185185185186 0.06510416666666667 0.11481481481481481
0 0.59140625 0.8652777777777778 0.06927083333333334 0.13333333333333333
0 0.45598958333333334 0.8050925925925926 0.09375 0.11574074074074074
0 0.5255208333333333 0.8759259259259259 0.0984375 0.1814814814814815
0 0.48385416666666664 0.6986111111111111 0.12447916666666667 0.17037037037037037
0 0.48776041666666664 0.4439814814814815 0.065625 0.11944444444444445
0 0.44765625 0.33287037037037037 0.06822916666666666 0.1259259259259259
0 0.4140625 0.262037037037037 0.07135416666666666 0.11388888888888889
0 0.5231770833333333 0.11574074074074074 0.0796875 0.1398148148148148
0 0.5638020833333334 0.27546296296296297 0.10885416666666667 0.18425925925925926
0 0.5919270833333333 0.05092592592592592 0.09114583333333333 0.10185185185185185
0 0.5229166666666667 0.013888888888888888 0.06875 0.027777777777777776
0 0.47161458333333334 0.9699074074074074 0.049479166666666664 0.06018518518518518
0 0.36666666666666664 0.875462962962963 0.046875 0.08425925925925926
0 0.4125 0.6777777777777778 0.0640625 0.1111111111111111
0 0.3971354166666667 0.7967592592592593 0.05364583333333333 0.09722222222222222
0 0.41171875 0.9203703703703704 0.06145833333333333 0.09074074074074075
0 0.4744791666666667 0.874537037037037 0.0546875 0.09537037037037037
0 0.43645833333333334 0.5254629629629629 0.07291666666666667 0.14907407407407408
0 0.4231770833333333 0.40324074074074073 0.0703125 0.1361111111111111
0 0.38333333333333336 0.40324074074074073 0.04479166666666667 0.09444444444444444
0 0.39140625 0.5087962962962963 0.05364583333333333 0.13148148148148148
0 0.3729166666666667 0.18425925925925926 0.0609375 0.10833333333333334
0 0.44140625 0.11944444444444445 0.09583333333333334 0.1398148148148148
0 0.4791666666666667 0.037037037037037035 0.06354166666666666 0.07407407407407407
0 0.4236979166666667 0.04490740740740741 0.058854166666666666 0.07222222222222222
0 0.3541666666666667 0.04583333333333333 0.04635416666666667 0.03333333333333333
0 0.3015625 0.3194444444444444 0.06614583333333333 0.09907407407407408
0 0.3072916666666667 0.12453703703703704 0.050520833333333334 0.062037037037037036
0 0.3106770833333333 0.21944444444444444 0.0578125 0.09814814814814815
0 0.30026041666666664 0.06898148148148148 0.058854166666666666 0.05185185185185185
0 0.36041666666666666 0.12546296296296297 0.057291666666666664 0.06666666666666667
0 0.3372395833333333 0.16111111111111112 0.0484375 0.08333333333333333
0 0.37578125 0.29768518518518516 0.04635416666666667 0.09537037037037037
0 0.34036458333333336 0.25277777777777777 0.04635416666666667 0.08148148148148149
0 0.34765625 0.33240740740740743 0.041666666666666664 0.08703703703703704
0 0.35963541666666665 0.5305555555555556 0.0515625 0.08055555555555556
0 0.37395833333333334 0.5981481481481481 0.05 0.075