0 0.4434895833333333 0.4199074074074074 0.14479166666666668 0.2935185185185185
0 0.5401041666666667 0.4828703703703704 0.1296875 0.2972222222222222
0 0.6591145833333333 0.4685185185185185 0.16302083333333334 0.31296296296296294
0 0.8135416666666667 0.5398148148148149 0.12291666666666666 0.25092592592592594
0 0.37838541666666664 0.25277777777777777 0.153125 0.24259259259259258
0 0.18307291666666667 0.3527777777777778 0.1390625 0.2222222222222222
0 0.525 0.19212962962962962 0.16666666666666666 0.32037037037037036
0 0.60625 0.2833333333333333 0.15833333333333333 0.2935185185185185
0 0.5752604166666667 0.7388888888888889 0.11979166666666667 0.2037037037037037
0 0.9223958333333333 0.38101851851851853 0.15520833333333334 0.27314814814814814
0 0.6096354166666667 0.5921296296296297 0.12135416666666667 0.25
0 0.4203125 0.6046296296296296 0.1671875 0.2851851851851852
0 0.8953125 0.7273148148148149 0.1015625 0.19907407407407407
0 0.8020833333333334 0.6865740740740741 0.0984375 0.17222222222222222
0 0.9497395833333333 0.6402777777777777 0.10052083333333334 0.19907407407407407
0 0.165625 0.19814814814814816 0.121875 0.20092592592592592
0 0.83359375 0.3398148148148148 0.11302083333333333 0.2777777777777778
0 0.50234375 0.6662037037037037 0.09583333333333334 0.1648148148148148
0 0.26614583333333336 0.3680555555555556 0.10833333333333334 0.17314814814814813
0 0.24869791666666666 0.17731481481481481 0.1140625 0.18981481481481483
0 0.7239583333333334 0.5745370370370371 0.10104166666666667 0.24166666666666667
0 0.9026041666666667 0.5541666666666667 0.11197916666666667 0.18888888888888888
0 0.5947916666666667 0.8388888888888889 0.11145833333333334 0.16944444444444445
0 0.4015625 0.09861111111111111 0.16770833333333332 0.19722222222222222
0 0.09609375 0.3125 0.09739583333333333 0.19074074074074074
0 0.30572916666666666 0.08518518518518518 0.115625 0.17037037037037037
0 0.4859375 0.7449074074074075 0.10260416666666666 0.15555555555555556
0 0.07083333333333333 0.562962962962963 0.07604166666666666 0.12407407407407407
0 0.5067708333333333 0.8305555555555556 0.09166666666666666 0.12777777777777777
0 0.7552083333333334 0.8101851851851852 0.07604166666666666 0.13333333333333333
0 0.9078125 0.20277777777777778 0.15208333333333332 0.19814814814814816
0 0.6567708333333333 0.7930555555555555 0.078125 0.13518518518518519
0 0.41510416666666666 0.737037037037037 0.08541666666666667 0.14166666666666666
0 0.14557291666666666 0.6175925925925926 0.0921875 0.13148148148148148
0 0.1046875 0.6467592592592593 0.06510416666666667 0.09074074074074075
0 0.690625 0.6657407407407407 0.078125 0.15185185185185185
0 0.8088541666666667 0.862037037037037 0.09375 0.11574074074074074
0 0.41171875 0.8148148148148148 0.09583333333333334 0.13703703703703704
0 0.9705729166666667 0.36018518518518516 0.058854166666666666 0.23703703703703705
0 0.33098958333333334 0.8208333333333333 0.0671875 0.19166666666666668
0 0.9596354166666666 0.5342592592592592 0.08072916666666667 0.1685185185185185
0 0.32578125 0.33611111111111114 0.10416666666666667 0.14814814814814814
0 0.14114583333333333 0.5347222222222222 0.10208333333333333 0.1574074074074074
0 0.25729166666666664 0.6208333333333333 0.07291666666666667 0.1361111111111111
0 0.2515625 0.26157407407407407 0.10625 0.1398148148148148
0 0.19427083333333334 0.6013888888888889 0.07395833333333333 0.12222222222222222
0 0.06484375 0.663425925925926 0.049479166666666664 0.07037037037037037
0 0.9283854166666666 0.7944444444444444 0.07916666666666666 0.1388888888888889
0 0.915625 0.8560185185185185 0.11875 0.14722222222222223
0 0.36223958333333334 0.8648148148148148 0.065625 0.1287037037037037
0 0.5630208333333333 0.9078703703703703 0.0609375 0.08425925925925926
0 0.4200520833333333 0.8625 0.0546875 0.07685185185185185
0 0.4979166666666667 0.8958333333333334 0.0640625 0.0962962962962963
0 0.9713541666666666 0.18472222222222223 0.057291666666666664 0.10277777777777777