0 0.28098958333333335 0.9273148148148148 0.1109375 0.14537037037037037
0 0.3848958333333333 0.8875 0.13802083333333334 0.22314814814814815
0 0.21484375 0.6990740740740741 0.1515625 0.25925925925925924
0 0.43411458333333336 0.4625 0.090625 0.17685185185185184
0 0.16041666666666668 0.9347222222222222 0.09895833333333333 0.13055555555555556
0 0.728125 0.6898148148148148 0.12395833333333334 0.18518518518518517
0 0.24114583333333334 0.5263888888888889 0.09895833333333333 0.14166666666666666
0 0.6395833333333333 0.5111111111111111 0.10885416666666667 0.21388888888888888
0 0.42604166666666665 0.6944444444444444 0.10625 0.24444444444444444
0 0.0703125 0.9101851851851852 0.0875 0.1675925925925926
0 0.9747395833333333 0.7402777777777778 0.050520833333333334 0.14351851851851852
0 0.33880208333333334 0.6800925925925926 0.16458333333333333 0.3
0 0.34010416666666665 0.48333333333333334 0.12239583333333333 0.1925925925925926
0 0.34088541666666666 0.9828703703703704 0.0953125 0.03425925925925926
0 0.5544270833333333 0.33240740740740743 0.07395833333333333 0.12129629629629629
0 0.7903645833333334 0.7546296296296297 0.14947916666666666 0.25277777777777777
0 0.5578125 0.4634259259259259 0.09947916666666666 0.2324074074074074
0 0.14453125 0.48055555555555557 0.09895833333333333 0.15925925925925927
0 0.08203125 0.7273148148148149 0.14739583333333334 0.26296296296296295
0 0.14322916666666666 0.6185185185185185 0.11666666666666667 0.19814814814814816
0 0.340625 0.35462962962962963 0.09322916666666667 0.15648148148148147
0 0.4296875 0.33425925925925926 0.11510416666666666 0.17592592592592593
0 0.7411458333333333 0.3490740740740741 0.09479166666666666 0.14814814814814814
0 0.9411458333333333 0.5847222222222223 0.09479166666666666 0.13148148148148148
0 0.81328125 0.38981481481481484 0.09791666666666667 0.16111111111111112
0 0.9546875 0.8134259259259259 0.09010416666666667 0.1527777777777778
0 0.29140625 0.2740740740740741 0.09375 0.16111111111111112
0 0.8356770833333333 0.5476851851851852 0.12135416666666667 0.21203703703703702
0 0.03411458333333333 0.4449074074074074 0.06822916666666666 0.17314814814814813
0 0.05911458333333333 0.37546296296296294 0.07447916666666667 0.14814814814814814
0 0.8356770833333333 0.19814814814814816 0.08333333333333333 0.15925925925925927
0 0.24635416666666668 0.38425925925925924 0.12447916666666667 0.2074074074074074
0 0.24791666666666667 0.22870370370370371 0.08385416666666666 0.13796296296296295
0 0.21171875 0.325 0.1 0.16574074074074074
0 0.04869791666666667 0.5592592592592592 0.09739583333333333 0.23148148148148148
0 0.8700520833333333 0.8402777777777778 0.13854166666666667 0.1712962962962963
0 0.8947916666666667 0.6986111111111111 0.1234375 0.2037037037037037
0 0.7421875 0.49953703703703706 0.1375 0.2574074074074074
0 0.24505208333333334 0.16898148148148148 0.09010416666666667 0.09814814814814815
0 0.7486979166666666 0.26481481481481484 0.08802083333333334 0.13518518518518519
0 0.6591145833333333 0.2726851851851852 0.09583333333333334 0.15
0 0.9794270833333333 0.6013888888888889 0.04114583333333333 0.1361111111111111
0 0.65390625 0.40925925925925927 0.115625 0.2037037037037037
0 0.13333333333333333 0.3962962962962963 0.09375 0.13796296296296295
0 0.6877604166666667 0.18009259259259258 0.0875 0.12222222222222222
0 0.5395833333333333 0.2375 0.06354166666666666 0.1287037037037037
0 0.796875 0.3148148148148148 0.07604166666666666 0.13240740740740742
0 0.04088541666666667 0.3087962962962963 0.07604166666666666 0.1175925925925926
0 0.5966145833333333 0.18194444444444444 0.10416666666666667 0.16666666666666666
0 0.36302083333333335 0.15324074074074073 0.07708333333333334 0.10740740740740741
0 0.4244791666666667 0.20601851851851852 0.078125 0.12222222222222222
0 0.7700520833333333 0.19398148148148148 0.07395833333333333 0.11944444444444445
0 0.9018229166666667 0.30833333333333335 0.08229166666666667 0.1175925925925926
0 0.13828125 0.21388888888888888 0.06354166666666666 0.10277777777777777
0 0.10286458333333333 0.23703703703703705 0.07291666666666667 0.12962962962962962
0 0.8846354166666667 0.23935185185185184 0.08385416666666666 0.1175925925925926
0 0.7388020833333333 0.15555555555555556 0.05260416666666667 0.08425925925925926
0 0.7841145833333333 0.13842592592592592 0.05677083333333333 0.1
0 0.18880208333333334 0.1574074074074074 0.0828125 0.08611111111111111
0 0.04375 0.2361111111111111 0.0640625 0.0824074074074074
0 0.9739583333333334 0.4041666666666667 0.052083333333333336 0.18611111111111112
0 0.6653645833333334 0.125 0.065625 0.10092592592592593