0 0.47369791666666666 0.2162037037037037 0.09010416666666667 0.1935185185185185
0 0.5518229166666667 0.2023148148148148 0.09166666666666666 0.1685185185185185
0 0.5 0.3638888888888889 0.1109375 0.21666666666666667
0 0.5513020833333333 0.07824074074074074 0.1171875 0.15648148148148147
0 0.8104166666666667 0.38472222222222224 0.09427083333333333 0.16296296296296298
0 0.6864583333333333 0.32731481481481484 0.12083333333333333 0.22407407407407406
0 0.3671875 0.40925925925925927 0.11354166666666667 0.25
0 0.87109375 0.33935185185185185 0.0921875 0.17037037037037037
0 0.284375 0.34305555555555556 0.1390625 0.26944444444444443
0 0.21171875 0.5055555555555555 0.09270833333333334 0.2074074074074074
0 0.3338541666666667 0.5523148148148148 0.1078125 0.18981481481481483
0 0.5924479166666666 0.2851851851851852 0.1296875 0.20925925925925926
0 0.171875 0.775 0.06302083333333333 0.11296296296296296
0 0.9377604166666667 0.19074074074074074 0.07708333333333334 0.1361111111111111
0 0.1546875 0.6199074074074075 0.09947916666666666 0.2074074074074074
0 0.8005208333333333 0.4685185185185185 0.07447916666666667 0.1287037037037037
0 0.48333333333333334 0.4666666666666667 0.13854166666666667 0.28703703703703703
0 0.9197916666666667 0.10648148148148148 0.071875 0.14907407407407408
0 0.9377604166666667 0.34953703703703703 0.07395833333333333 0.14166666666666666
0 0.6192708333333333 0.3875 0.1046875 0.20833333333333334
0 0.23515625 0.7898148148148149 0.0640625 0.1287037037037037
0 0.6919270833333333 0.1712962962962963 0.05416666666666667 0.1037037037037037
0 0.27786458333333336 0.6731481481481482 0.10572916666666667 0.2111111111111111
0 0.11770833333333333 0.8083333333333333 0.052083333333333336 0.08425925925925926
0 0.59453125 0.5541666666666667 0.09791666666666667 0.17962962962962964
0 0.696875 0.4962962962962963 0.09583333333333334 0.1537037037037037
0 0.8940104166666667 0.46296296296296297 0.07447916666666667 0.1175925925925926
0 0.8994791666666667 0.21944444444444444 0.06666666666666667 0.12129629629629629
0 0.05651041666666667 0.5972222222222222 0.11302083333333333 0.2814814814814815
0 0.8755208333333333 0.42314814814814816 0.06822916666666666 0.10185185185185185
0 0.090625 0.6236111111111111 0.10416666666666667 0.2037037037037037
0 0.46067708333333335 0.6189814814814815 0.07135416666666666 0.13703703703703704
0 0.8419270833333333 0.4828703703703704 0.06354166666666666 0.10648148148148148
0 0.37604166666666666 0.7125 0.06041666666666667 0.1037037037037037
0 0.5713541666666667 0.6643518518518519 0.0703125 0.12777777777777777
0 0.13307291666666668 0.7481481481481481 0.06666666666666667 0.12129629629629629
0 0.19036458333333334 0.8143518518518519 0.05520833333333333 0.09722222222222222
0 0.40625 0.5986111111111111 0.07708333333333334 0.1962962962962963
0 0.10625 0.6949074074074074 0.07760416666666667 0.14351851851851852
0 0.5588541666666667 0.4027777777777778 0.096875 0.2222222222222222
0 0.8721354166666667 0.1814814814814815 0.08958333333333333 0.175
0 0.6065104166666667 0.06805555555555555 0.08489583333333334 0.1361111111111111
0 0.05651041666666667 0.7574074074074074 0.07239583333333334 0.1287037037037037
0 0.5346354166666667 0.5976851851851852 0.07395833333333333 0.12685185185185185
0 0.9197916666666667 0.5291666666666667 0.06614583333333333 0.12222222222222222
0 0.05755208333333333 0.8560185185185185 0.052083333333333336 0.09814814814814815
0 0.3854166666666667 0.7893518518518519 0.06510416666666667 0.12222222222222222
0 0.19479166666666667 0.9268518518518518 0.0640625 0.11388888888888889
0 0.69609375 0.5625 0.08072916666666667 0.1259259259259259
0 0.3065104166666667 0.7824074074074074 0.05260416666666667 0.0962962962962963
0 0.6994791666666667 0.65 0.07864583333333333 0.1425925925925926
0 0.64375 0.6208333333333333 0.06875 0.11203703703703703
0 0.9505208333333334 0.43287037037037035 0.08020833333333334 0.13796296296296295
0 0.11901041666666666 0.8847222222222222 0.04895833333333333 0.08518518518518518
0 0.4359375 0.7421296296296296 0.0625 0.10833333333333334
0 0.5294270833333333 0.7143518518518519 0.078125 0.15185185185185185
0 0.8682291666666667 0.5671296296296297 0.05520833333333333 0.09814814814814815
0 0.7338541666666667 0.487962962962963 0.07135416666666666 0.1398148148148148
0 0.8182291666666667 0.6157407407407407 0.0625 0.09074074074074075
0 0.9778645833333334 0.49444444444444446 0.044270833333333336 0.09074074074074075
0 0.8890625 0.5796296296296296 0.046875 0.08888888888888889
0 0.7731770833333333 0.48657407407407405 0.06197916666666667 0.15555555555555556
0 0.14973958333333334 0.8291666666666667 0.052083333333333336 0.08611111111111111
0 0.9700520833333334 0.34629629629629627 0.059895833333333336 0.19814814814814816
0 0.984375 0.42083333333333334 0.03125 0.075
0 0.171875 0.8685185185185185 0.065625 0.10185185185185185
0 0.9606770833333333 0.5185185185185185 0.041666666666666664 0.075
0 0.4869791666666667 0.7615740740740741 0.06041666666666667 0.11666666666666667
0 0.653125 0.7222222222222222 0.06927083333333334 0.09074074074074075
0 0.15026041666666667 0.9236111111111112 0.06822916666666666 0.12777777777777777
0 0.5911458333333334 0.7555555555555555 0.0546875 0.08425925925925926
0 0.09244791666666667 0.9287037037037037 0.07239583333333334 0.12222222222222222
0 0.5447916666666667 0.7833333333333333 0.05677083333333333 0.08796296296296297
0 0.43671875 0.674074074074074 0.071875 0.14907407407407408
0 0.28958333333333336 0.8287037037037037 0.058854166666666666 0.10740740740740741
0 0.259375 0.850925925925926 0.05520833333333333 0.09074074074074075
0 0.21015625 0.8810185185185185 0.04583333333333333 0.08611111111111111