0 0.27369791666666665 0.950462962962963 0.10208333333333333 0.09907407407407408
0 0.38385416666666666 0.899074074074074 0.140625 0.2
0 0.12890625 0.9416666666666667 0.11145833333333334 0.11481481481481481
0 0.20130208333333333 0.7055555555555556 0.15885416666666666 0.29259259259259257
0 0.7359375 0.6875 0.12552083333333333 0.20555555555555555
0 0.03854166666666667 0.9199074074074074 0.07708333333333334 0.16018518518518518
0 0.43255208333333334 0.4689814814814815 0.10104166666666667 0.20462962962962963
0 0.33619791666666665 0.6824074074074075 0.1609375 0.3111111111111111
0 0.22109375 0.5037037037037037 0.090625 0.11481481481481481
0 0.33255208333333336 0.4675925925925926 0.12239583333333333 0.1814814814814815
0 0.4265625 0.6981481481481482 0.09583333333333334 0.24074074074074073
0 0.11119791666666666 0.5986111111111111 0.11875 0.20092592592592592
0 0.9442708333333333 0.8282407407407407 0.075 0.15185185185185185
0 0.33098958333333334 0.3425925925925926 0.08333333333333333 0.13425925925925927
0 0.55078125 0.4587962962962963 0.09166666666666666 0.23055555555555557
0 0.97265625 0.7291666666666666 0.0546875 0.12129629629629629
0 0.23177083333333334 0.36203703703703705 0.12135416666666667 0.18055555555555555
0 0.06145833333333333 0.7125 0.1203125 0.25925925925925924
0 0.22916666666666666 0.20277777777777778 0.0796875 0.12129629629629629
0 0.9276041666666667 0.5879629629629629 0.08177083333333333 0.10277777777777777
0 0.6473958333333333 0.4962962962962963 0.09479166666666666 0.17037037037037037
0 0.8041666666666667 0.7481481481481481 0.125 0.21481481481481482
0 0.5307291666666667 0.2518518518518518 0.053125 0.11481481481481481
0 0.12421875 0.42685185185185187 0.125 0.2064814814814815
0 0.96640625 0.3861111111111111 0.052083333333333336 0.08703703703703704
0 0.4197916666666667 0.3351851851851852 0.11197916666666667 0.17037037037037037
0 0.55234375 0.33611111111111114 0.07135416666666666 0.125
0 0.2799479166666667 0.2601851851851852 0.08854166666666667 0.14444444444444443
0 0.9651041666666667 0.5962962962962963 0.06979166666666667 0.1398148148148148
0 0.18932291666666667 0.31296296296296294 0.08333333333333333 0.16111111111111112
0 0.8309895833333333 0.3990740740740741 0.10104166666666667 0.1388888888888889
0 0.7372395833333333 0.3574074074074074 0.071875 0.10925925925925926
0 0.89453125 0.6824074074074075 0.1 0.175
0 0.02421875 0.3162037037037037 0.04791666666666667 0.09166666666666666
0 0.8119791666666667 0.23425925925925925 0.06666666666666667 0.12407407407407407
0 0.834375 0.5402777777777777 0.09895833333333333 0.18703703703703703
0 0.6528645833333333 0.2828703703703704 0.084375 0.11574074074074074
0 0.87265625 0.8495370370370371 0.11979166666666667 0.1685185185185185
0 0.5927083333333333 0.1935185185185185 0.078125 0.10185185185185185
0 0.7416666666666667 0.4962962962962963 0.11145833333333334 0.22592592592592592
0 0.08203125 0.21388888888888888 0.05625 0.1037037037037037
0 0.79140625 0.33240740740740743 0.06197916666666667 0.12129629629629629
0 0.67421875 0.20092592592592592 0.07239583333333334 0.08703703703703704
0 0.6484375 0.40185185185185185 0.09791666666666667 0.16296296296296298
0 0.34791666666666665 0.16111111111111112 0.09166666666666666 0.10185185185185185
0 0.05572916666666667 0.27685185185185185 0.052083333333333336 0.0824074074074074
0 0.75 0.23425925925925925 0.06770833333333333 0.08425925925925926
0 0.1171875 0.18935185185185185 0.051041666666666666 0.08981481481481482
0 0.023958333333333335 0.26342592592592595 0.04791666666666667 0.10092592592592593
0 0.11510416666666666 0.262037037037037 0.07708333333333334 0.09444444444444444
0 0.021354166666666667 0.20324074074074075 0.042708333333333334 0.07314814814814814
0 0.4166666666666667 0.2023148148148148 0.07604166666666666 0.08611111111111111
0 0.97890625 0.3060185185185185 0.0421875 0.08796296296296297
0 0.7236979166666667 0.19398148148148148 0.05 0.06296296296296296
0 0.8651041666666667 0.274537037037037 0.065625 0.07777777777777778
0 0.8778645833333333 0.3333333333333333 0.0671875 0.08148148148148149
0 0.65 0.1597222222222222 0.0546875 0.06759259259259259
0 0.16145833333333334 0.14166666666666666 0.057291666666666664 0.06111111111111111
0 0.5932291666666667 0.1388888888888889 0.05416666666666667 0.053703703703703705
0 0.059375 0.18703703703703703 0.0453125 0.0712962962962963
0 0.7640625 0.18055555555555555 0.05364583333333333 0.07962962962962963