0 0.5255208333333333 0.6768518518518518 0.13385416666666666 0.24722222222222223
0 0.3390625 0.7157407407407408 0.1328125 0.2611111111111111
0 0.5625 0.8810185185185185 0.1375 0.23796296296296296
0 0.6536458333333334 0.8930555555555556 0.15208333333333332 0.21388888888888888
0 0.40963541666666664 0.7949074074074074 0.12760416666666666 0.23981481481481481
0 0.2513020833333333 0.600925925925926 0.134375 0.22870370370370371
0 0.67890625 0.7097222222222223 0.15 0.275
0 0.24661458333333333 0.7865740740740741 0.16302083333333334 0.29074074074074074
0 0.09036458333333333 0.5986111111111111 0.12447916666666667 0.22314814814814815
0 0.17890625 0.5222222222222223 0.103125 0.17962962962962964
0 0.40078125 0.3824074074074074 0.10677083333333333 0.17592592592592593
0 0.59140625 0.6240740740740741 0.13802083333333334 0.26296296296296295
0 0.7809895833333333 0.8513888888888889 0.10729166666666666 0.19444444444444445
0 0.9440104166666666 0.7546296296296297 0.08645833333333333 0.16944444444444445
0 0.31979166666666664 0.8800925925925925 0.11302083333333333 0.16111111111111112
0 0.5705729166666667 0.47824074074074074 0.10677083333333333 0.17592592592592593
0 0.16145833333333334 0.6842592592592592 0.1125 0.22777777777777777
0 0.3802083333333333 0.29444444444444445 0.08489583333333334 0.11851851851851852
0 0.3072916666666667 0.5018518518518519 0.1453125 0.287962962962963
0 0.4940104166666667 0.38842592592592595 0.075 0.13703703703703704
0 0.5598958333333334 0.36203703703703705 0.09427083333333333 0.1537037037037037
0 0.75859375 0.6921296296296297 0.11302083333333333 0.2222222222222222
0 0.30026041666666664 0.2351851851851852 0.07552083333333333 0.13148148148148148
0 0.4265625 0.8921296296296296 0.1296875 0.21296296296296297
0 0.8072916666666666 0.5092592592592593 0.07864583333333333 0.13425925925925927
0 0.9328125 0.4564814814814815 0.05364583333333333 0.11296296296296296
0 0.828125 0.5569444444444445 0.06614583333333333 0.12685185185185185
0 0.2546875 0.40879629629629627 0.06510416666666667 0.12407407407407407
0 0.640625 0.41944444444444445 0.10885416666666667 0.17685185185185184
0 0.20078125 0.36712962962962964 0.09895833333333333 0.17962962962962964
0 0.8091145833333333 0.39351851851851855 0.08645833333333333 0.13518518518518519
0 0.7315104166666667 0.9041666666666667 0.0765625 0.16296296296296298
0 0.7734375 0.5606481481481481 0.06822916666666666 0.1287037037037037
0 0.37734375 0.49074074074074076 0.12604166666666666 0.23981481481481481
0 0.30026041666666664 0.44212962962962965 0.08333333333333333 0.1388888888888889
0 0.4200520833333333 0.23425925925925925 0.07447916666666667 0.12222222222222222
0 0.35052083333333334 0.24305555555555555 0.07864583333333333 0.11388888888888889
0 0.73984375 0.9453703703703704 0.11927083333333334 0.10925925925925926
0 0.7252604166666666 0.4587962962962963 0.1125 0.18425925925925926
0 0.7216145833333333 0.5421296296296296 0.08385416666666666 0.1388888888888889
0 0.97421875 0.6597222222222222 0.04583333333333333 0.11851851851851852
0 0.63828125 0.337037037037037 0.07395833333333333 0.10277777777777777
0 0.2713541666666667 0.3287037037037037 0.07708333333333334 0.1388888888888889
0 0.8989583333333333 0.6092592592592593 0.07447916666666667 0.12407407407407407
0 0.871875 0.4726851851851852 0.07552083333333333 0.11574074074074074
0 0.33098958333333334 0.3453703703703704 0.09270833333333334 0.16111111111111112
0 0.9815104166666667 0.5180555555555556 0.03697916666666667 0.09351851851851851
0 0.57578125 0.27546296296296297 0.0578125 0.08796296296296297
0 0.2203125 0.29212962962962963 0.06197916666666667 0.1
0 0.9635416666666666 0.5851851851851851 0.07291666666666667 0.12962962962962962
0 0.29296875 0.16203703703703703 0.0703125 0.09444444444444444
0 0.36302083333333335 0.18333333333333332 0.08177083333333333 0.10833333333333334
0 0.88984375 0.6509259259259259 0.12604166666666666 0.24444444444444444
0 0.77265625 0.40370370370370373 0.04635416666666667 0.0824074074074074
0 0.6252604166666667 0.2791666666666667 0.08072916666666667 0.10925925925925926
0 0.96328125 0.49537037037037035 0.04375 0.075
0 0.4973958333333333 0.2324074074074074 0.07708333333333334 0.11018518518518519
0 0.9463541666666667 0.512962962962963 0.050520833333333334 0.08425925925925926
0 0.46328125 0.28935185185185186 0.06770833333333333 0.10648148148148148
0 0.9197916666666667 0.538425925925926 0.051041666666666666 0.08888888888888889
0 0.8713541666666667 0.5518518518518518 0.07447916666666667 0.1574074074074074
0 0.7875 0.33611111111111114 0.04635416666666667 0.062037037037037036
0 0.9078125 0.4912037037037037 0.050520833333333334 0.08333333333333333
0 0.8645833333333334 0.4152777777777778 0.0625 0.08611111111111111
0 0.8966145833333333 0.40324074074074073 0.0546875 0.08148148148148149
0 0.44557291666666665 0.19074074074074074 0.07291666666666667 0.10092592592592593