0 0.6955729166666667 0.46111111111111114 0.14322916666666666 0.20555555555555555
0 0.44375 0.9037037037037037 0.09322916666666667 0.17777777777777778
0 0.5723958333333333 0.6949074074074074 0.16770833333333332 0.26851851851851855
0 0.6369791666666667 0.5342592592592592 0.140625 0.22685185185185186
0 0.7346354166666667 0.2800925925925926 0.15260416666666668 0.2712962962962963
0 0.6690104166666667 0.1537037037037037 0.10520833333333333 0.1787037037037037
0 0.7869791666666667 0.1726851851851852 0.1078125 0.15462962962962962
0 0.6268229166666667 0.3148148148148148 0.096875 0.2111111111111111
0 0.56328125 0.4787037037037037 0.13229166666666667 0.23425925925925925
0 0.49192708333333335 0.4708333333333333 0.075 0.16111111111111112
0 0.49635416666666665 0.6157407407407407 0.050520833333333334 0.12314814814814815
0 0.4661458333333333 0.3625 0.07604166666666666 0.14907407407407408
0 0.44505208333333335 0.5143518518518518 0.071875 0.15555555555555556
0 0.42994791666666665 0.8134259259259259 0.09635416666666667 0.18611111111111112
0 0.6002604166666666 0.13472222222222222 0.071875 0.12777777777777777
0 0.5424479166666667 0.23703703703703705 0.13125 0.20462962962962963
0 0.54296875 0.10694444444444444 0.07916666666666666 0.12962962962962962
0 0.43385416666666665 0.6472222222222223 0.0796875 0.13796296296296295
0 0.39296875 0.5675925925925925 0.058854166666666666 0.1425925925925926
0 0.41744791666666664 0.46064814814814814 0.06197916666666667 0.11203703703703703
0 0.5763020833333333 0.03935185185185185 0.0609375 0.06388888888888888
0 0.5231770833333333 0.02638888888888889 0.0578125 0.05277777777777778
0 0.49140625 0.12222222222222222 0.051041666666666666 0.1037037037037037
0 0.375 0.9032407407407408 0.0703125 0.11481481481481481
0 0.29583333333333334 0.8865740740740741 0.057291666666666664 0.09259259259259259
0 0.3294270833333333 0.8685185185185185 0.058333333333333334 0.11296296296296296
0 0.32786458333333335 0.7893518518518519 0.04895833333333333 0.0962962962962963
0 0.45390625 0.14212962962962963 0.05625 0.09074074074074075
0 0.4544270833333333 0.22361111111111112 0.07239583333333334 0.13055555555555556
0 0.39427083333333335 0.35 0.05572916666666667 0.10555555555555556
0 0.4044270833333333 0.25462962962962965 0.05677083333333333 0.10740740740740741
0 0.42734375 0.3333333333333333 0.050520833333333334 0.11296296296296296
0 0.41848958333333336 0.1574074074074074 0.04791666666666667 0.09259259259259259
0 0.47239583333333335 0.04259259259259259 0.058333333333333334 0.08518518518518518
0 0.44088541666666664 0.06944444444444445 0.04895833333333333 0.09074074074074075
0 0.3697916666666667 0.3851851851851852 0.059895833333333336 0.11574074074074074
0 0.36692708333333335 0.4740740740740741 0.057291666666666664 0.10925925925925926
0 0.36223958333333334 0.6342592592592593 0.0671875 0.08518518518518518
0 0.359375 0.5550925925925926 0.0578125 0.11481481481481481
0 0.3809895833333333 0.7069444444444445 0.0671875 0.08888888888888889
0 0.3763020833333333 0.7796296296296297 0.06666666666666667 0.13240740740740742
0 0.409375 0.028703703703703703 0.07604166666666666 0.05740740740740741
0 0.39453125 0.09722222222222222 0.06822916666666666 0.10277777777777777