0 0.30078125 0.14722222222222223 0.15260416666666668 0.21574074074074073
0 0.46848958333333335 0.5152777777777777 0.08229166666666667 0.14074074074074075
0 0.5244791666666667 0.7097222222222223 0.0578125 0.10462962962962963
0 0.43645833333333334 0.8398148148148148 0.06666666666666667 0.1175925925925926
0 0.4015625 0.14074074074074075 0.07083333333333333 0.1361111111111111
0 0.5380208333333333 0.1925925925925926 0.09479166666666666 0.12037037037037036
0 0.4671875 0.1259259259259259 0.10104166666666667 0.18518518518518517
0 0.5122395833333333 0.300462962962963 0.1265625 0.17685185185185184
0 0.51328125 0.5555555555555556 0.06770833333333333 0.12222222222222222
0 0.55546875 0.6638888888888889 0.0703125 0.12962962962962962
0 0.590625 0.7324074074074074 0.07291666666666667 0.11666666666666667
0 0.484375 0.8856481481481482 0.08177083333333333 0.14351851851851852
0 0.440625 0.7287037037037037 0.1109375 0.18888888888888888
0 0.41692708333333334 0.950462962962963 0.09322916666666667 0.09907407407407408
0 0.4859375 0.9851851851851852 0.06875 0.02962962962962963
0 0.51875 0.02962962962962963 0.05 0.05925925925925926
0 0.6260416666666667 0.1162037037037037 0.04791666666666667 0.08611111111111111
0 0.5838541666666667 0.31666666666666665 0.065625 0.11388888888888889
0 0.596875 0.19722222222222222 0.05520833333333333 0.09907407407407408
0 0.5799479166666667 0.07407407407407407 0.0625 0.09351851851851851
0 0.51796875 0.12407407407407407 0.05572916666666667 0.09814814814814815
0 0.5630208333333333 0.4708333333333333 0.075 0.15185185185185185
0 0.57890625 0.5921296296296297 0.07239583333333334 0.1388888888888889
0 0.6184895833333334 0.5898148148148148 0.04635416666666667 0.0962962962962963
0 0.6083333333333333 0.4842592592592593 0.05572916666666667 0.13333333333333333
0 0.6330729166666667 0.8078703703703703 0.0625 0.1111111111111111
0 0.5661458333333333 0.8768518518518519 0.09739583333333333 0.14444444444444443
0 0.5296875 0.9611111111111111 0.06458333333333334 0.07777777777777778
0 0.5854166666666667 0.95 0.059375 0.07592592592592592
0 0.6541666666666667 0.9453703703703704 0.04635416666666667 0.03611111111111111
0 0.7018229166666666 0.6680555555555555 0.0671875 0.10185185185185185
0 0.7 0.8634259259259259 0.0515625 0.06574074074074074
0 0.69453125 0.7685185185185185 0.059375 0.10092592592592593
0 0.7080729166666667 0.9185185185185185 0.059375 0.05555555555555555
0 0.646875 0.8657407407407407 0.0578125 0.06944444444444445
0 0.6692708333333334 0.8287037037037037 0.049479166666666664 0.08518518518518518
0 0.628125 0.6944444444444444 0.04791666666666667 0.09722222222222222
0 0.6643229166666667 0.737037037037037 0.04739583333333333 0.08333333333333333
0 0.65546875 0.6578703703703703 0.043229166666666666 0.08796296296296297
0 0.63984375 0.46064814814814814 0.05260416666666667 0.08333333333333333
0 0.6239583333333333 0.3939814814814815 0.050520833333333334 0.07685185185185185