0 0.4354166666666667 0.3537037037037037 0.08645833333333333 0.14444444444444443
0 0.6268229166666667 0.49583333333333335 0.053125 0.09537037037037037
0 0.6109375 0.39444444444444443 0.04895833333333333 0.1037037037037037
0 0.3645833333333333 0.5675925925925925 0.08854166666666667 0.15925925925925927
0 0.37421875 0.7342592592592593 0.090625 0.18518518518518517
0 0.45651041666666664 0.7638888888888888 0.1 0.18425925925925926
0 0.3848958333333333 0.8712962962962963 0.09635416666666667 0.1638888888888889
0 0.46145833333333336 0.9097222222222222 0.07604166666666666 0.1425925925925926
0 0.3455729166666667 0.2953703703703704 0.11041666666666666 0.18703703703703703
0 0.46979166666666666 0.5921296296296297 0.08020833333333334 0.16296296296296298
0 0.40286458333333336 0.4550925925925926 0.06458333333333334 0.1388888888888889
0 0.5322916666666667 0.2759259259259259 0.09479166666666666 0.1425925925925926
0 0.334375 0.44675925925925924 0.10052083333333334 0.17592592592592593
0 0.41640625 0.9634259259259259 0.09322916666666667 0.07314814814814814
0 0.4635416666666667 0.07685185185185185 0.103125 0.1537037037037037
0 0.46067708333333335 0.4787037037037037 0.071875 0.15555555555555556
0 0.5927083333333333 0.7541666666666667 0.07395833333333333 0.1175925925925926
0 0.5369791666666667 0.17083333333333334 0.140625 0.16111111111111112
0 0.6130208333333333 0.6171296296296296 0.0890625 0.13148148148148148
0 0.6559895833333333 0.19953703703703704 0.06145833333333333 0.12314814814814815
0 0.4125 0.1388888888888889 0.13125 0.22962962962962963
0 0.5473958333333333 0.05694444444444444 0.13125 0.11388888888888889
0 0.6549479166666666 0.32222222222222224 0.057291666666666664 0.12222222222222222
0 0.6986979166666667 0.3199074074074074 0.05520833333333333 0.12777777777777777
0 0.6463541666666667 0.7578703703703704 0.05 0.11574074074074074
0 0.5947916666666667 0.8671296296296296 0.049479166666666664 0.10092592592592593
0 0.7036458333333333 0.625 0.08645833333333333 0.1388888888888889
0 0.5997395833333333 0.11481481481481481 0.08854166666666667 0.1259259259259259
0 0.5385416666666667 0.9601851851851851 0.07291666666666667 0.07962962962962963
0 0.609375 0.044444444444444446 0.06875 0.07962962962962963
0 0.6776041666666667 0.026851851851851852 0.053125 0.053703703703703705
0 0.6536458333333334 0.4300925925925926 0.052083333333333336 0.10555555555555556
0 0.6041666666666666 0.30324074074074076 0.08645833333333333 0.13148148148148148
0 0.7036458333333333 0.2175925925925926 0.05 0.10925925925925926
0 0.41692708333333334 0.6013888888888889 0.05416666666666667 0.1425925925925926
0 0.68046875 0.5037037037037037 0.07604166666666666 0.12222222222222222
0 0.6786458333333333 0.42268518518518516 0.03854166666666667 0.08148148148148149
0 0.7283854166666667 0.29398148148148145 0.034375 0.08703703703703704
0 0.66875 0.1287037037037037 0.05520833333333333 0.09444444444444444
0 0.628125 0.8462962962962963 0.04375 0.09814814814814815
0 0.7005208333333334 0.7648148148148148 0.053125 0.10277777777777777
0 0.54296875 0.6458333333333334 0.08854166666666667 0.18703703703703703
0 0.6703125 0.8314814814814815 0.05 0.11666666666666667