0 0.3223958333333333 0.11203703703703703 0.14427083333333332 0.1925925925925926
0 0.46770833333333334 0.5092592592592593 0.0765625 0.1287037037037037
0 0.5119791666666667 0.7134259259259259 0.053125 0.09722222222222222
0 0.4166666666666667 0.8263888888888888 0.06145833333333333 0.10833333333333334
0 0.4231770833333333 0.12453703703703704 0.06510416666666667 0.12685185185185185
0 0.5559895833333334 0.2013888888888889 0.090625 0.10555555555555556
0 0.48932291666666666 0.12175925925925926 0.09270833333333334 0.17222222222222222
0 0.5236979166666667 0.3037037037037037 0.11979166666666667 0.1574074074074074
0 0.5098958333333333 0.5574074074074075 0.06197916666666667 0.11296296296296296
0 0.5455729166666666 0.6731481481481482 0.06458333333333334 0.11944444444444445
0 0.5765625 0.7476851851851852 0.06822916666666666 0.10648148148148148
0 0.46171875 0.8805555555555555 0.07552083333333333 0.13240740740740742
0 0.4276041666666667 0.7162037037037037 0.103125 0.17314814814814813
0 0.3893229166666667 0.9449074074074074 0.08697916666666666 0.11018518518518519
0 0.45651041666666664 0.9856481481481482 0.06822916666666666 0.028703703703703703
0 0.546875 0.030555555555555555 0.046875 0.06111111111111111
0 0.6479166666666667 0.14212962962962963 0.044270833333333336 0.07962962962962963
0 0.5942708333333333 0.3333333333333333 0.0609375 0.10462962962962963
0 0.6140625 0.21666666666666667 0.051041666666666666 0.09166666666666666
0 0.6046875 0.09166666666666666 0.058854166666666666 0.08425925925925926
0 0.5401041666666667 0.12962962962962962 0.0515625 0.09074074074074075
0 0.5645833333333333 0.4824074074074074 0.06822916666666666 0.1425925925925926
0 0.5729166666666666 0.6060185185185185 0.06614583333333333 0.12962962962962962
0 0.6127604166666667 0.6111111111111112 0.0421875 0.09074074074074075
0 0.60859375 0.5046296296296297 0.049479166666666664 0.12685185185185185
0 0.6143229166666667 0.8305555555555556 0.0578125 0.10277777777777777
0 0.5434895833333333 0.8870370370370371 0.09166666666666666 0.13055555555555556
0 0.5020833333333333 0.9652777777777778 0.06145833333333333 0.06944444444444445
0 0.5583333333333333 0.9634259259259259 0.05677083333333333 0.06666666666666667
0 0.62734375 0.9712962962962963 0.04583333333333333 0.027777777777777776
0 0.6908854166666667 0.7046296296296296 0.06302083333333333 0.09259259259259259
0 0.6776041666666667 0.8986111111111111 0.04895833333333333 0.058333333333333334
0 0.6778645833333333 0.8032407407407407 0.05520833333333333 0.09259259259259259
0 0.6822916666666666 0.9550925925925926 0.0578125 0.04537037037037037
0 0.6244791666666667 0.8912037037037037 0.05572916666666667 0.06111111111111111
0 0.64921875 0.8583333333333333 0.04583333333333333 0.0787037037037037
0 0.6161458333333333 0.7171296296296297 0.04375 0.09074074074074075
0 0.6494791666666667 0.7662037037037037 0.04375 0.07777777777777778
0 0.6453125 0.6861111111111111 0.0390625 0.08333333333333333
0 0.64140625 0.48703703703703705 0.049479166666666664 0.075
0 0.6294270833333333 0.41759259259259257 0.04791666666666667 0.06944444444444445