0 0.6450520833333333 0.9171296296296296 0.14114583333333333 0.16574074074074074
0 0.5325520833333334 0.49907407407407406 0.07447916666666667 0.125
0 0.5046875 0.28564814814814815 0.0515625 0.09444444444444444
0 0.6080729166666666 0.19768518518518519 0.059895833333333336 0.10555555555555556
0 0.5466145833333333 0.8912037037037037 0.06302083333333333 0.12407407407407407
0 0.42135416666666664 0.7819444444444444 0.0890625 0.10092592592592593
0 0.48098958333333336 0.8768518518518519 0.09010416666666667 0.16666666666666666
0 0.46119791666666665 0.6884259259259259 0.11770833333333333 0.15092592592592594
0 0.4947916666666667 0.44074074074074077 0.06041666666666667 0.11018518518518519
0 0.46848958333333335 0.31712962962962965 0.0625 0.11666666666666667
0 0.44375 0.23564814814814813 0.06614583333333333 0.10277777777777777
0 0.5677083333333334 0.13287037037037036 0.0734375 0.1287037037037037
0 0.5888020833333333 0.3037037037037037 0.10052083333333334 0.1675925925925926
0 0.6450520833333333 0.07453703703703704 0.08489583333333334 0.13055555555555556
0 0.5807291666666666 0.022685185185185187 0.06770833333333333 0.03796296296296296
0 0.4161458333333333 0.9583333333333334 0.04583333333333333 0.07222222222222222
0 0.3255208333333333 0.8180555555555555 0.042708333333333334 0.07777777777777778
0 0.39348958333333334 0.6416666666666667 0.058854166666666666 0.10185185185185185
0 0.36484375 0.7523148148148148 0.049479166666666664 0.08981481481481482
0 0.36432291666666666 0.8787037037037037 0.057291666666666664 0.08055555555555556
0 0.43125 0.8569444444444444 0.050520833333333334 0.08796296296296297
0 0.34817708333333336 0.9763888888888889 0.0484375 0.025
0 0.4348958333333333 0.5013888888888889 0.065625 0.1388888888888889
0 0.4361979166666667 0.3768518518518518 0.0640625 0.1259259259259259
0 0.3971354166666667 0.36203703703703705 0.040625 0.08888888888888889
0 0.3927083333333333 0.4685185185185185 0.04739583333333333 0.12407407407407407
0 0.4127604166666667 0.1439814814814815 0.05572916666666667 0.09907407407407408
0 0.4869791666666667 0.10601851851851851 0.08958333333333333 0.1259259259259259
0 0.5346354166666667 0.03611111111111111 0.06041666666666667 0.07222222222222222
0 0.4783854166666667 0.028703703703703703 0.05572916666666667 0.05740740740740741
0 0.41015625 0.006944444444444444 0.0453125 0.013888888888888888
0 0.3268229166666667 0.25 0.06197916666666667 0.08888888888888889
0 0.35546875 0.06157407407407407 0.0484375 0.05462962962962963
0 0.34765625 0.15555555555555556 0.05364583333333333 0.08981481481481482
0 0.3546875 0.0125 0.057291666666666664 0.025
0 0.40729166666666666 0.08194444444444444 0.0546875 0.05740740740740741
0 0.38046875 0.10833333333333334 0.04479166666666667 0.07592592592592592
0 0.40208333333333335 0.2564814814814815 0.0421875 0.08888888888888889
0 0.37265625 0.19953703703703704 0.042708333333333334 0.075
0 0.37057291666666664 0.2796296296296296 0.0375 0.08055555555555556
0 0.35911458333333335 0.47824074074074074 0.0484375 0.07314814814814814
0 0.3653645833333333 0.549537037037037 0.04635416666666667 0.06666666666666667