0 0.58046875 0.5263888888888889 0.1 0.1814814814814815
0 0.37838541666666664 0.40046296296296297 0.1078125 0.1685185185185185
0 0.5377604166666666 0.29074074074074074 0.1234375 0.23703703703703705
0 0.46015625 0.2300925925925926 0.08541666666666667 0.16944444444444445
0 0.28229166666666666 0.37916666666666665 0.11614583333333334 0.20555555555555555
0 0.3802083333333333 0.1763888888888889 0.12239583333333333 0.21203703703703702
0 0.46015625 0.09490740740740741 0.10989583333333333 0.18981481481481483
0 0.2859375 0.19212962962962962 0.12604166666666666 0.20277777777777778
0 0.20625 0.3851851851851852 0.09479166666666666 0.17407407407407408
0 0.2171875 0.22916666666666666 0.11041666666666666 0.2074074074074074
0 0.45625 0.3648148148148148 0.10416666666666667 0.16111111111111112
0 0.7541666666666667 0.34444444444444444 0.15260416666666668 0.2861111111111111
0 0.5578125 0.10972222222222222 0.15208333333333332 0.21944444444444444
0 0.8763020833333334 0.7574074074074074 0.0765625 0.12129629629629629
0 0.9046875 0.6097222222222223 0.1078125 0.2212962962962963
0 0.1578125 0.3087962962962963 0.07916666666666666 0.1814814814814815
0 0.6822916666666666 0.25324074074074077 0.20104166666666667 0.3351851851851852
0 0.6690104166666667 0.5986111111111111 0.10416666666666667 0.21666666666666667
0 0.3606770833333333 0.6763888888888889 0.0703125 0.13148148148148148
0 0.628125 0.7231481481481481 0.071875 0.12407407407407407
0 0.9190104166666667 0.4148148148148148 0.12760416666666666 0.27037037037037037
0 0.37552083333333336 0.2759259259259259 0.11302083333333333 0.15833333333333333
0 0.03411458333333333 0.4023148148148148 0.06822916666666666 0.12685185185185185
0 0.9515625 0.812962962962963 0.05677083333333333 0.12129629629629629
0 0.2890625 0.625 0.08125 0.14722222222222223
0 0.46588541666666666 0.6930555555555555 0.078125 0.1638888888888889
0 0.671875 0.8050925925925926 0.10052083333333334 0.17037037037037037
0 0.78984375 0.5425925925925926 0.1828125 0.33611111111111114
0 0.11588541666666667 0.5907407407407408 0.07395833333333333 0.10648148148148148
0 0.14505208333333333 0.6620370370370371 0.07552083333333333 0.10648148148148148
0 0.96328125 0.6143518518518518 0.0734375 0.1712962962962963
0 0.9604166666666667 0.2814814814814815 0.07916666666666666 0.20185185185185187
0 0.7265625 0.6643518518518519 0.11770833333333333 0.24074074074074073
0 0.5122395833333333 0.625462962962963 0.115625 0.25833333333333336
0 0.5125 0.7861111111111111 0.09114583333333333 0.16111111111111112
0 0.9440104166666666 0.7157407407407408 0.0828125 0.16944444444444445
0 0.5932291666666667 0.7958333333333333 0.10729166666666666 0.1537037037037037
0 0.7903645833333334 0.7041666666666667 0.08072916666666667 0.1787037037037037
0 0.3111979166666667 0.7481481481481481 0.07552083333333333 0.11388888888888889
0 0.24114583333333334 0.6370370370370371 0.08385416666666666 0.1388888888888889
0 0.60078125 0.6902777777777778 0.13489583333333333 0.21666666666666667
0 0.6671875 0.8976851851851851 0.09739583333333333 0.14074074074074075
0 0.81875 0.8569444444444444 0.07239583333333334 0.13240740740740742
0 0.0296875 0.5342592592592592 0.059375 0.14814814814814814
0 0.078125 0.5777777777777777 0.084375 0.16018518518518518
0 0.85859375 0.9018518518518519 0.09583333333333334 0.12037037037037036
0 0.5908854166666667 0.8782407407407408 0.0953125 0.13240740740740742
0 0.9653645833333333 0.45046296296296295 0.06927083333333334 0.2361111111111111
0 0.7328125 0.8421296296296297 0.0703125 0.13148148148148148
0 0.09791666666666667 0.6782407407407407 0.05520833333333333 0.07685185185185185
0 0.8291666666666667 0.6337962962962963 0.08541666666666667 0.19537037037037036
0 0.18541666666666667 0.5425925925925926 0.07447916666666667 0.1425925925925926
0 0.03984375 0.2273148148148148 0.0484375 0.11388888888888889
0 0.38307291666666665 0.07916666666666666 0.0984375 0.15833333333333333
0 0.4864583333333333 0.8490740740740741 0.09010416666666667 0.1398148148148148
0 0.40598958333333335 0.8560185185185185 0.11770833333333333 0.23333333333333334
0 0.9361979166666666 0.9018518518518519 0.0671875 0.12037037037037036
0 0.08151041666666667 0.24583333333333332 0.05625 0.12037037037037036
0 0.29192708333333334 0.8111111111111111 0.053125 0.08703703703703704
0 0.06979166666666667 0.7486111111111111 0.04895833333333333 0.07962962962962963
0 0.0109375 0.6263888888888889 0.021875 0.09351851851851851
0 0.3494791666666667 0.8004629629629629 0.08854166666666667 0.12129629629629629
0 0.034895833333333334 0.624537037037037 0.0609375 0.10185185185185185
0 0.10442708333333334 0.7699074074074074 0.044270833333333336 0.0712962962962963
0 0.55625 0.9032407407407408 0.07291666666666667 0.1111111111111111
0 0.8765625 0.8296296296296296 0.11041666666666666 0.14351851851851852
0 0.5611979166666666 0.9425925925925925 0.0609375 0.08888888888888889
0 0.0421875 0.6694444444444444 0.06354166666666666 0.09907407407407408
0 0.35208333333333336 0.875462962962963 0.057291666666666664 0.10277777777777777
0 0.6263020833333334 0.9541666666666667 0.06145833333333333 0.08796296296296297
0 0.1421875 0.7523148148148148 0.07916666666666666 0.14537037037037037
0 0.41744791666666664 0.913425925925926 0.06875 0.12129629629629629
0 0.7231770833333333 0.7680555555555556 0.090625 0.1287037037037037
0 0.2799479166666667 0.7018518518518518 0.1203125 0.1648148148148148