0 0.5580729166666667 0.6504629629629629 0.13020833333333334 0.24166666666666667
0 0.39010416666666664 0.8004629629629629 0.12916666666666668 0.25555555555555554
0 0.6348958333333333 0.8319444444444445 0.13385416666666666 0.2574074074074074
0 0.7268229166666667 0.8097222222222222 0.1484375 0.27870370370370373
0 0.471875 0.8319444444444445 0.12447916666666667 0.23425925925925925
0 0.28567708333333336 0.7458333333333333 0.13125 0.2222222222222222
0 0.70859375 0.5884259259259259 0.14635416666666667 0.26851851851851855
0 0.31666666666666665 0.8907407407407407 0.159375 0.21851851851851853
0 0.13411458333333334 0.8416666666666667 0.12135416666666667 0.2175925925925926
0 0.20260416666666667 0.7157407407407408 0.10104166666666667 0.17592592592592593
0 0.3841145833333333 0.449537037037037 0.1046875 0.1712962962962963
0 0.6098958333333333 0.5611111111111111 0.134375 0.2574074074074074
0 0.8315104166666667 0.6592592592592592 0.1046875 0.18981481481481483
0 0.9622395833333334 0.4685185185185185 0.07552083333333333 0.16666666666666666
0 0.4036458333333333 0.9439814814814815 0.11145833333333334 0.11203703703703703
0 0.5622395833333333 0.43657407407407406 0.1046875 0.1712962962962963
0 0.21744791666666666 0.8791666666666667 0.109375 0.22314814814814815
0 0.34791666666666665 0.37962962962962965 0.08333333333333333 0.11481481481481481
0 0.31927083333333334 0.6189814814814815 0.14114583333333333 0.2824074074074074
0 0.47291666666666665 0.3990740740740741 0.07291666666666667 0.13425925925925927
0 0.5296875 0.33425925925925926 0.09270833333333334 0.14907407407407408
0 0.7799479166666666 0.5231481481481481 0.10989583333333333 0.21851851851851853
0 0.26145833333333335 0.3726851851851852 0.0734375 0.1287037037037037
0 0.5065104166666666 0.9046296296296297 0.1265625 0.19074074074074074
0 0.790625 0.32222222222222224 0.0765625 0.13055555555555556
0 0.8984375 0.1962962962962963 0.052083333333333336 0.1111111111111111
0 0.8192708333333333 0.3537037037037037 0.0640625 0.12407407407407407
0 0.2520833333333333 0.5634259259259259 0.06354166666666666 0.12129629629629629
0 0.6166666666666667 0.3388888888888889 0.10677083333333333 0.17222222222222222
0 0.19322916666666667 0.5574074074074075 0.09635416666666667 0.175
0 0.7697916666666667 0.21203703703703702 0.08489583333333334 0.13055555555555556
0 0.7953125 0.7388888888888889 0.07395833333333333 0.16018518518518518
0 0.76875 0.3907407407407407 0.06614583333333333 0.1259259259259259
0 0.38307291666666665 0.5657407407407408 0.12291666666666666 0.23425925925925925
0 0.30104166666666665 0.5671296296296297 0.08177083333333333 0.13518518518518519
0 0.3736979166666667 0.29907407407407405 0.07291666666666667 0.11851851851851852
0 0.31015625 0.34953703703703703 0.07760416666666667 0.11018518518518519
0 0.8203125 0.8157407407407408 0.11666666666666667 0.19722222222222222
0 0.7036458333333333 0.324537037037037 0.11041666666666666 0.1787037037037037
0 0.71640625 0.4046296296296296 0.08229166666666667 0.13518518518518519
0 0.9763020833333333 0.36157407407407405 0.04375 0.11666666666666667
0 0.5984375 0.2625 0.07291666666666667 0.09907407407407408
0 0.2520833333333333 0.4777777777777778 0.075 0.13518518518518519
0 0.8958333333333334 0.3597222222222222 0.07291666666666667 0.12037037037037036
0 0.8442708333333333 0.24814814814814815 0.07395833333333333 0.11203703703703703
0 0.31145833333333334 0.45740740740740743 0.090625 0.1574074074074074
0 0.9606770833333333 0.2212962962962963 0.0453125 0.09074074074074075
0 0.5278645833333333 0.24259259259259258 0.05677083333333333 0.08518518518518518
0 0.19713541666666667 0.47453703703703703 0.0609375 0.09722222222222222
0 0.953125 0.2972222222222222 0.0734375 0.12685185185185185
0 0.24036458333333333 0.30833333333333335 0.06927083333333334 0.09074074074074075
0 0.3104166666666667 0.28564814814814815 0.08072916666666667 0.10462962962962963
0 0.8953125 0.4046296296296296 0.12239583333333333 0.23981481481481481
0 0.7377604166666667 0.24351851851851852 0.0453125 0.08055555555555556
0 0.5752604166666667 0.2162037037037037 0.0796875 0.10555555555555556
0 0.934375 0.21388888888888888 0.042708333333333334 0.07314814814814814
0 0.44609375 0.25046296296296294 0.07552083333333333 0.10648148148148148
0 0.921875 0.24074074074074073 0.049479166666666664 0.08148148148148149
0 0.425 0.32407407407407407 0.06614583333333333 0.1037037037037037
0 0.9018229166666667 0.2810185185185185 0.05 0.08611111111111111
0 0.8588541666666667 0.32314814814814813 0.071875 0.15462962962962962
0 0.7385416666666667 0.1712962962962963 0.0453125 0.06018518518518518
0 0.8815104166666666 0.24351851851851852 0.049479166666666664 0.08055555555555556
0 0.8263020833333333 0.1986111111111111 0.06145833333333333 0.08333333333333333
0 0.85390625 0.1675925925925926 0.05364583333333333 0.07962962962962963
0 0.3893229166666667 0.24259259259259258 0.071875 0.09814814814814815