0 0.7533854166666667 0.9023148148148148 0.05572916666666667 0.1814814814814815
0 0.7244791666666667 0.7064814814814815 0.1125 0.25
0 0.615625 0.9449074074074074 0.16458333333333333 0.11018518518518519
0 0.6052083333333333 0.09583333333333334 0.115625 0.19166666666666668
0 0.4825520833333333 0.6199074074074075 0.11510416666666666 0.17962962962962964
0 0.6026041666666667 0.7912037037037037 0.175 0.2861111111111111
0 0.5020833333333333 0.9574074074074074 0.06458333333333334 0.08518518518518518
0 0.4817708333333333 0.7976851851851852 0.10208333333333333 0.2175925925925926
0 0.6114583333333333 0.6305555555555555 0.13541666666666666 0.17037037037037037
0 0.4114583333333333 0.8004629629629629 0.07552083333333333 0.14814814814814814
0 0.47682291666666665 0.4097222222222222 0.1296875 0.16296296296296298
0 0.42213541666666665 0.9342592592592592 0.1015625 0.13148148148148148
0 0.33255208333333336 0.9550925925925926 0.06822916666666666 0.08981481481481482
0 0.4979166666666667 0.23796296296296296 0.09583333333333334 0.1685185185185185
0 0.6395833333333333 0.03518518518518519 0.12083333333333333 0.07037037037037037
0 0.36041666666666666 0.44537037037037036 0.06458333333333334 0.09444444444444444
0 0.40729166666666666 0.6425925925925926 0.09583333333333334 0.19907407407407407
0 0.4078125 0.40694444444444444 0.0703125 0.12685185185185185
0 0.3651041666666667 0.8912037037037037 0.08125 0.15833333333333333
0 0.4197916666666667 0.07824074074074074 0.06145833333333333 0.12777777777777777
0 0.37786458333333334 0.22824074074074074 0.06510416666666667 0.15
0 0.32760416666666664 0.3351851851851852 0.057291666666666664 0.1388888888888889
0 0.4979166666666667 0.08472222222222223 0.12708333333333333 0.16944444444444445
0 0.40546875 0.018518518518518517 0.06822916666666666 0.037037037037037035
0 0.33177083333333335 0.19027777777777777 0.04895833333333333 0.1287037037037037
0 0.44479166666666664 0.2361111111111111 0.09166666666666666 0.17407407407407408
0 0.309375 0.7703703703703704 0.057291666666666664 0.1638888888888889
0 0.3502604166666667 0.05787037037037037 0.04739583333333333 0.11574074074074074
0 0.33255208333333336 0.6481481481481481 0.0484375 0.13518518518518519
0 0.32786458333333335 0.10231481481481482 0.035416666666666666 0.08888888888888889
0 0.30859375 0.23333333333333334 0.03802083333333333 0.09722222222222222
0 0.296875 0.33425925925925926 0.030208333333333334 0.0962962962962963
0 0.3203125 0.03888888888888889 0.04479166666666667 0.07777777777777778