0 0.5177083333333333 0.3578703703703704 0.10416666666666667 0.1824074074074074
0 0.43984375 0.7125 0.09739583333333333 0.19537037037037036
0 0.38385416666666666 0.425462962962963 0.1359375 0.225
0 0.346875 0.5611111111111111 0.096875 0.15648148148148147
0 0.4244791666666667 0.8824074074074074 0.11770833333333333 0.2101851851851852
0 0.3140625 0.7013888888888888 0.121875 0.2222222222222222
0 0.2677083333333333 0.5560185185185185 0.11510416666666666 0.2
0 0.32135416666666666 0.8546296296296296 0.11354166666666667 0.19907407407407407
0 0.43203125 0.9657407407407408 0.08697916666666666 0.06851851851851852
0 0.3455729166666667 0.9310185185185185 0.103125 0.07685185185185185
0 0.42239583333333336 0.5731481481481482 0.09322916666666667 0.18888888888888888
0 0.4197916666666667 0.09074074074074075 0.16041666666666668 0.1814814814814815
0 0.28020833333333334 0.38333333333333336 0.13177083333333334 0.275
0 0.36744791666666665 0.175 0.19322916666666667 0.35
0 0.5611979166666666 0.20277777777777778 0.12395833333333334 0.19074074074074074
0 0.5942708333333333 0.7532407407407408 0.07552083333333333 0.1287037037037037
0 0.6299479166666667 0.2800925925925926 0.071875 0.13055555555555556
0 0.36953125 0.7134259259259259 0.09166666666666666 0.20462962962962963
0 0.5630208333333333 0.8791666666666667 0.084375 0.14722222222222223
0 0.6072916666666667 0.5671296296296297 0.09375 0.1425925925925926
0 0.6776041666666667 0.2050925925925926 0.09791666666666667 0.1824074074074074
0 0.5244791666666667 0.0763888888888889 0.17395833333333333 0.1527777777777778
0 0.59921875 0.10925925925925926 0.13645833333333332 0.20277777777777778
0 0.5708333333333333 0.4824074074074074 0.14791666666666667 0.21296296296296297
0 0.6611979166666667 0.487962962962963 0.09270833333333334 0.16574074074074074
0 0.66953125 0.3449074074074074 0.0890625 0.1935185185185185
0 0.6328125 0.8439814814814814 0.065625 0.1361111111111111
0 0.5677083333333334 0.9439814814814815 0.08020833333333334 0.11203703703703703
0 0.6106770833333334 0.3277777777777778 0.125 0.24444444444444444
0 0.7294270833333333 0.21712962962962962 0.08125 0.17592592592592593
0 0.715625 0.35185185185185186 0.07708333333333334 0.1712962962962963
0 0.6986979166666667 0.10972222222222222 0.071875 0.1037037037037037
0 0.24895833333333334 0.6925925925925925 0.11197916666666667 0.17962962962962964
0 0.6958333333333333 0.5361111111111111 0.08072916666666667 0.16296296296296298
0 0.696875 0.6796296296296296 0.13333333333333333 0.21481481481481482
0 0.6677083333333333 0.8805555555555555 0.05 0.0962962962962963
0 0.6635416666666667 0.7782407407407408 0.07083333333333333 0.15925925925925927
0 0.7286458333333333 0.41435185185185186 0.0640625 0.13240740740740742
0 0.7510416666666667 0.40694444444444444 0.0515625 0.11018518518518519
0 0.7059895833333333 0.7759259259259259 0.059375 0.10462962962962963
0 0.7596354166666667 0.2916666666666667 0.051041666666666666 0.11018518518518519
0 0.7294270833333333 0.6611111111111111 0.06979166666666667 0.125
0 0.6578125 0.11898148148148148 0.07291666666666667 0.15092592592592594
0 0.60546875 0.8944444444444445 0.0953125 0.2111111111111111