0 0.24817708333333333 0.8893518518518518 0.09895833333333333 0.1625
0 0.35572916666666665 0.8550925925925926 0.12369791666666667 0.19490740740740742
0 0.20208333333333334 0.6263888888888889 0.13489583333333333 0.2273148148148148
0 0.43776041666666665 0.44675925925925924 0.07916666666666666 0.1587962962962963
0 0.12786458333333334 0.8699074074074075 0.0875 0.15694444444444444
0 0.7109375 0.7444444444444445 0.11276041666666667 0.1597222222222222
0 0.24166666666666667 0.462037037037037 0.09036458333333333 0.12083333333333333
0 0.6372395833333333 0.5453703703703704 0.09505208333333333 0.1925925925925926
0 0.4114583333333333 0.674074074074074 0.08958333333333333 0.22453703703703703
0 0.04244791666666667 0.8 0.0765625 0.14953703703703702
0 0.9619791666666667 0.8583333333333333 0.06276041666666667 0.1300925925925926
0 0.3263020833333333 0.638425925925926 0.1453125 0.2662037037037037
0 0.34296875 0.4439814814814815 0.11067708333333333 0.16712962962962963
0 0.3026041666666667 0.9662037037037037 0.09114583333333333 0.06759259259259259
0 0.5669270833333333 0.3476851851851852 0.06614583333333333 0.10601851851851851
0 0.7677083333333333 0.8240740740740741 0.13307291666666668 0.22268518518518518
0 0.56015625 0.47824074074074074 0.08333333333333333 0.21388888888888888
0 0.14947916666666666 0.3925925925925926 0.0890625 0.13842592592592592
0 0.06822916666666666 0.6217592592592592 0.13046875 0.23287037037037037
0 0.1375 0.5291666666666667 0.10442708333333334 0.1736111111111111
0 0.3536458333333333 0.31666666666666665 0.08307291666666666 0.13657407407407407
0 0.4432291666666667 0.31851851851851853 0.10416666666666667 0.15138888888888888
0 0.7505208333333333 0.4101851851851852 0.08515625 0.1287037037037037
0 0.9302083333333333 0.6930555555555555 0.08697916666666666 0.11157407407407408
0 0.81875 0.4685185185185185 0.0875 0.14074074074074075
0 0.92578125 0.9226851851851852 0.07994791666666666 0.13425925925925927
0 0.3111979166666667 0.22453703703703703 0.08307291666666666 0.14166666666666666
0 0.8286458333333333 0.6300925925925925 0.1078125 0.18703703703703703
0 0.03697916666666667 0.3287037037037037 0.06927083333333334 0.15694444444444444
0 0.07317708333333334 0.2675925925925926 0.06484375 0.1337962962962963
0 0.8559895833333333 0.28425925925925927 0.07317708333333334 0.1425925925925926
0 0.2578125 0.3226851851851852 0.11119791666666666 0.18194444444444444
0 0.2716145833333333 0.16898148148148148 0.075 0.11990740740740741
0 0.228125 0.25555555555555554 0.08984375 0.14537037037037037
0 0.04505208333333333 0.4462962962962963 0.08828125 0.21203703703703702
0 0.83984375 0.9287037037037037 0.12864583333333332 0.1412037037037037
0 0.8755208333333333 0.7944444444444444 0.11015625 0.17777777777777778
0 0.73984375 0.5592592592592592 0.12109375 0.22962962962962963
0 0.2734375 0.10925925925925926 0.08489583333333334 0.07777777777777778
0 0.7645833333333333 0.3287037037037037 0.0796875 0.11666666666666667
0 0.6752604166666667 0.3143518518518518 0.08671875 0.12962962962962962
0 0.9755208333333333 0.7217592592592592 0.04895833333333333 0.125
0 0.6596354166666667 0.44814814814814813 0.10260416666666666 0.17916666666666667
0 0.14505208333333333 0.30648148148148147 0.08515625 0.1175925925925926
0 0.7109375 0.22962962962962963 0.08046875 0.1037037037037037
0 0.5596354166666667 0.25 0.05546875 0.11574074074074074
0 0.80859375 0.3902777777777778 0.06770833333333333 0.1162037037037037
0 0.06041666666666667 0.19722222222222222 0.06875 0.10138888888888889
0 0.6205729166666667 0.20879629629629629 0.09375 0.1439814814814815
0 0.39140625 0.12268518518518519 0.07057291666666667 0.09027777777777778
0 0.44817708333333334 0.19027777777777777 0.0703125 0.10555555555555556
0 0.79140625 0.2638888888888889 0.06666666666666667 0.1037037037037037
0 0.9130208333333333 0.4097222222222222 0.07526041666666666 0.10046296296296296
0 0.1640625 0.12731481481481483 0.057291666666666664 0.08981481481481482
0 0.12734375 0.1412037037037037 0.06458333333333334 0.11435185185185186
0 0.9013020833333333 0.337037037037037 0.0765625 0.1
0 0.7635416666666667 0.21805555555555556 0.04739583333333333 0.07314814814814814
0 0.8096354166666667 0.21203703703703702 0.050520833333333334 0.08796296296296297
0 0.21875 0.0837962962962963 0.078125 0.06759259259259259
0 0.06875 0.1259259259259259 0.05911458333333333 0.06851851851851852
0 0.97890625 0.5231481481481481 0.0421875 0.17824074074074073
0 0.6932291666666667 0.16944444444444445 0.05911458333333333 0.08657407407407407