0 0.4578125 0.15833333333333333 0.1046875 0.24351851851851852
0 0.90859375 0.23055555555555557 0.171875 0.29907407407407405
0 0.86875 0.4097222222222222 0.08385416666666666 0.1361111111111111
0 0.7315104166666667 0.5574074074074075 0.09375 0.1527777777777778
0 0.6013020833333333 0.35138888888888886 0.13854166666666667 0.2814814814814815
0 0.5049479166666667 0.25416666666666665 0.1171875 0.2361111111111111
0 0.35234375 0.11712962962962963 0.1421875 0.23425925925925925
0 0.28854166666666664 0.23703703703703705 0.09322916666666667 0.175
0 0.2760416666666667 0.05925925925925926 0.1 0.11851851851851852
0 0.18567708333333333 0.1050925925925926 0.090625 0.17685185185185184
0 0.21432291666666667 0.25277777777777777 0.08385416666666666 0.19166666666666668
0 0.38307291666666665 0.2949074074074074 0.11354166666666667 0.15555555555555556
0 0.48151041666666666 0.3902777777777778 0.12239583333333333 0.21944444444444444
0 0.84765625 0.513425925925926 0.1078125 0.23981481481481481
0 0.484375 0.5171296296296296 0.08645833333333333 0.12037037037037036
0 0.5651041666666666 0.49444444444444446 0.0671875 0.07962962962962963
0 0.4265625 0.5740740740740741 0.07916666666666666 0.12407407407407407
0 0.5138020833333333 0.5953703703703703 0.08333333333333333 0.11574074074074074
0 0.6825520833333333 0.5912037037037037 0.0984375 0.1574074074074074
0 0.28515625 0.36064814814814816 0.0671875 0.12037037037037036
0 0.3484375 0.45231481481481484 0.10520833333333333 0.22037037037037038
0 0.2755208333333333 0.4648148148148148 0.0671875 0.13240740740740742
0 0.5893229166666667 0.6018518518518519 0.071875 0.13240740740740742
0 0.5489583333333333 0.6819444444444445 0.07708333333333334 0.09259259259259259
0 0.4864583333333333 0.65 0.058854166666666666 0.10277777777777777
0 0.92890625 0.5675925925925925 0.08020833333333334 0.14907407407407408
0 0.9739583333333334 0.29074074074074074 0.052083333333333336 0.21666666666666667
0 0.8708333333333333 0.6722222222222223 0.071875 0.10462962962962963
0 0.21666666666666667 0.40879629629629627 0.06666666666666667 0.11574074074074074
0 0.17265625 0.4236111111111111 0.04739583333333333 0.08518518518518518
0 0.21692708333333333 0.5060185185185185 0.05625 0.10555555555555556
0 0.28958333333333336 0.5546296296296296 0.05520833333333333 0.08333333333333333
0 0.9291666666666667 0.7796296296296297 0.0671875 0.09444444444444444
0 0.8096354166666667 0.6101851851851852 0.059375 0.11388888888888889
0 0.9546875 0.44675925925925924 0.090625 0.16944444444444445
0 0.7385416666666667 0.6787037037037037 0.058854166666666666 0.1175925925925926
0 0.7416666666666667 0.8212962962962963 0.05572916666666667 0.09722222222222222
0 0.7239583333333334 0.762962962962963 0.059895833333333336 0.09537037037037037
0 0.6796875 0.774074074074074 0.051041666666666666 0.08055555555555556
0 0.16458333333333333 0.3074074074074074 0.09583333333333334 0.17407407407407408
0 0.3046875 0.6189814814814815 0.046875 0.09444444444444444
0 0.3502604166666667 0.6092592592592593 0.06875 0.11944444444444445
0 0.4270833333333333 0.7023148148148148 0.05572916666666667 0.09166666666666666
0 0.37265625 0.6944444444444444 0.05677083333333333 0.09351851851851851
0 0.41432291666666665 0.6458333333333334 0.0609375 0.08055555555555556
0 0.31692708333333336 0.6800925925925926 0.04895833333333333 0.0787037037037037
0 0.11901041666666666 0.32546296296296295 0.07552083333333333 0.15925925925925927
0 0.08177083333333333 0.36527777777777776 0.057291666666666664 0.1361111111111111
0 0.12838541666666667 0.4527777777777778 0.06510416666666667 0.1037037037037037
0 0.23697916666666666 0.5976851851851852 0.06510416666666667 0.09537037037037037
0 0.26510416666666664 0.649537037037037 0.04791666666666667 0.08055555555555556
0 0.44921875 0.7421296296296296 0.06145833333333333 0.09814814814814815
0 0.49921875 0.7379629629629629 0.0578125 0.09351851851851851
0 0.5893229166666667 0.7296296296296296 0.042708333333333334 0.11481481481481481
0 0.5455729166666666 0.7425925925925926 0.0609375 0.09444444444444444
0 0.628125 0.6884259259259259 0.044270833333333336 0.11574074074074074
0 0.6692708333333334 0.6893518518518519 0.0703125 0.10925925925925926
0 0.109375 0.5194444444444445 0.0515625 0.10462962962962963
0 0.08151041666666667 0.4300925925925926 0.041666666666666664 0.07685185185185185
0 0.23229166666666667 0.712037037037037 0.053125 0.12962962962962962
0 0.28567708333333336 0.7282407407407407 0.05260416666666667 0.11574074074074074