0 0.3497395833333333 0.8847222222222222 0.1390625 0.21203703703703702
0 0.5270833333333333 0.9069444444444444 0.16145833333333334 0.18611111111111112
0 0.425 0.8319444444444445 0.0953125 0.1925925925925926
0 0.5005208333333333 0.7726851851851851 0.10729166666666666 0.16574074074074074
0 0.6513020833333333 0.7199074074074074 0.10572916666666667 0.17222222222222222
0 0.73125 0.6893518518518519 0.08333333333333333 0.1787037037037037
0 0.5776041666666667 0.7583333333333333 0.06875 0.175
0 0.4744791666666667 0.6768518518518518 0.08125 0.15833333333333333
0 0.55859375 0.5898148148148148 0.06458333333333334 0.14814814814814814
0 0.6018229166666667 0.6356481481481482 0.07135416666666666 0.15925925925925927
0 0.6466145833333333 0.5032407407407408 0.07239583333333334 0.14722222222222223
0 0.6674479166666667 0.5902777777777778 0.07395833333333333 0.14166666666666666
0 0.7231770833333333 0.49722222222222223 0.04739583333333333 0.10462962962962963
0 0.7919270833333333 0.6476851851851851 0.0796875 0.16111111111111112
0 0.40859375 0.7069444444444445 0.09635416666666667 0.15555555555555556
0 0.33671875 0.7606481481481482 0.1046875 0.13796296296296295
0 0.3411458333333333 0.6560185185185186 0.06354166666666666 0.1388888888888889
0 0.3984375 0.5967592592592592 0.06458333333333334 0.13240740740740742
0 0.47942708333333334 0.5449074074074074 0.07239583333333334 0.15925925925925927
0 0.42916666666666664 0.5337962962962963 0.05572916666666667 0.11944444444444445
0 0.5703125 0.49074074074074076 0.07291666666666667 0.11851851851851852
0 0.33697916666666666 0.5800925925925926 0.07135416666666666 0.0962962962962963
0 0.3802083333333333 0.5319444444444444 0.065625 0.11296296296296296
0 0.6653645833333334 0.44166666666666665 0.0578125 0.0962962962962963
0 0.7356770833333334 0.5814814814814815 0.08072916666666667 0.13518518518518519
0 0.3299479166666667 0.500462962962963 0.06666666666666667 0.13148148148148148
0 0.4510416666666667 0.46805555555555556 0.0609375 0.12037037037037036
0 0.39010416666666664 0.47129629629629627 0.06510416666666667 0.12037037037037036
0 0.5015625 0.46805555555555556 0.06875 0.13148148148148148
0 0.27630208333333334 0.5101851851851852 0.07552083333333333 0.11574074074074074
0 0.7669270833333334 0.5435185185185185 0.06770833333333333 0.13333333333333333
0 0.37395833333333334 0.42453703703703705 0.05520833333333333 0.09074074074074075
0 0.61953125 0.4041666666666667 0.07864583333333333 0.1259259259259259
0 0.653125 0.31527777777777777 0.058333333333333334 0.0962962962962963
0 0.45598958333333334 0.37916666666666665 0.04635416666666667 0.0787037037037037
0 0.55234375 0.3523148148148148 0.05625 0.09074074074074075
0 0.61328125 0.32407407407407407 0.06927083333333334 0.10462962962962963
0 0.5497395833333333 0.3972222222222222 0.0625 0.09259259259259259
0 0.5010416666666667 0.350462962962963 0.0609375 0.09722222222222222
0 0.32786458333333335 0.4388888888888889 0.06302083333333333 0.1037037037037037
0 0.42552083333333335 0.9643518518518519 0.10520833333333333 0.0712962962962963
0 0.3489583333333333 0.41064814814814815 0.049479166666666664 0.0787037037037037