0 0.4140625 0.07962962962962963 0.04635416666666667 0.08796296296296297
0 0.37526041666666665 0.07546296296296297 0.049479166666666664 0.09074074074074075
0 0.44557291666666665 0.10416666666666667 0.0453125 0.08796296296296297
0 0.31953125 0.08888888888888889 0.05416666666666667 0.0787037037037037
0 0.3411458333333333 0.10416666666666667 0.043229166666666666 0.0787037037037037
0 0.18307291666666667 0.15648148148148147 0.044270833333333336 0.07962962962962963
0 0.40911458333333334 0.12175925925925926 0.0421875 0.0712962962962963
0 0.55078125 0.016203703703703703 0.04739583333333333 0.032407407407407406
0 0.3567708333333333 0.1712962962962963 0.0328125 0.06759259259259259
0 0.39765625 0.1587962962962963 0.04375 0.07592592592592592
0 0.278125 0.15925925925925927 0.03333333333333333 0.075
0 0.334375 0.18009259259259258 0.034895833333333334 0.06851851851851852
0 0.24010416666666667 0.1449074074074074 0.043229166666666666 0.09166666666666666
0 0.28463541666666664 0.09768518518518518 0.03854166666666667 0.06388888888888888
0 0.5669270833333333 0.043055555555555555 0.041666666666666664 0.07222222222222222
0 0.2598958333333333 0.11435185185185186 0.034895833333333334 0.07407407407407407
0 0.6890625 0.03148148148148148 0.04479166666666667 0.06296296296296296
0 0.7177083333333333 0.018055555555555554 0.04583333333333333 0.03611111111111111
0 0.15625 0.18101851851851852 0.034375 0.0712962962962963
0 0.5606770833333333 0.11018518518518519 0.0390625 0.09444444444444444
0 0.48020833333333335 0.13842592592592592 0.034895833333333334 0.0787037037037037
0 0.5880208333333333 0.11805555555555555 0.03854166666666667 0.08055555555555556
0 0.11979166666666667 0.25972222222222224 0.04895833333333333 0.1037037037037037
0 0.43776041666666665 0.18194444444444444 0.04114583333333333 0.0712962962962963
0 0.04505208333333333 0.21944444444444444 0.046875 0.07685185185185185
0 0.5846354166666666 0.011574074074074073 0.0390625 0.023148148148148147
0 0.6098958333333333 0.026851851851851852 0.04583333333333333 0.053703703703703705
0 0.5703125 0.0837962962962963 0.033854166666666664 0.06388888888888888
0 0.5135416666666667 0.025 0.04583333333333333 0.05
0 0.059375 0.25092592592592594 0.0375 0.075
0 0.6221354166666667 0.06759259259259259 0.040625 0.07222222222222222
0 0.34375 0.21435185185185185 0.03177083333333333 0.05648148148148148
0 0.5109375 0.16620370370370371 0.035416666666666666 0.05555555555555555
0 0.5036458333333333 0.10462962962962963 0.05677083333333333 0.1175925925925926
0 0.48854166666666665 0.19537037037037036 0.034895833333333334 0.06296296296296296
0 0.71640625 0.03888888888888889 0.033854166666666664 0.06851851851851852
0 0.020052083333333335 0.2638888888888889 0.04010416666666667 0.1
0 0.22057291666666667 0.1638888888888889 0.0296875 0.05925925925925926
0 0.053125 0.31203703703703706 0.0375 0.07407407407407407
0 0.33828125 0.25416666666666665 0.03802083333333333 0.07037037037037037
0 0.07786458333333333 0.2796296296296296 0.03854166666666667 0.08333333333333333
0 0.2 0.11944444444444445 0.0359375 0.044444444444444446
0 0.7385416666666667 0.030555555555555555 0.03229166666666667 0.06111111111111111
0 0.10052083333333334 0.2962962962962963 0.035416666666666666 0.07777777777777778
0 0.22005208333333334 0.2162037037037037 0.030729166666666665 0.05740740740740741
0 0.24114583333333334 0.2351851851851852 0.0375 0.06296296296296296
0 0.03046875 0.3189814814814815 0.0375 0.0712962962962963
0 0.4640625 0.055092592592592596 0.05416666666666667 0.11018518518518519
0 0.24661458333333333 0.2037037037037037 0.030208333333333334 0.05648148148148148
0 0.3072916666666667 0.2162037037037037 0.0484375 0.08796296296296297
0 0.1453125 0.36157407407407405 0.03958333333333333 0.08425925925925926
0 0.7091145833333333 0.08657407407407407 0.0359375 0.07777777777777778
0 0.7653645833333333 0.02175925925925926 0.0390625 0.04351851851851852
0 0.4505208333333333 0.23055555555555557 0.03229166666666667 0.06574074074074074
0 0.7950520833333333 0.03657407407407407 0.04114583333333333 0.07314814814814814
0 0.42291666666666666 0.2212962962962963 0.043229166666666666 0.08333333333333333
0 0.6690104166666667 0.03657407407407407 0.0359375 0.07314814814814814
0 0.5302083333333333 0.11435185185185186 0.036458333333333336 0.11018518518518519
0 0.012760416666666666 0.3625 0.025520833333333333 0.06759259259259259
0 0.5458333333333333 0.19768518518518519 0.033854166666666664 0.06296296296296296
0 0.6484375 0.03425925925925926 0.03854166666666667 0.06851851851851852
0 0.04869791666666667 0.3824074074074074 0.040625 0.07222222222222222
0 0.8677083333333333 0.04212962962962963 0.04479166666666667 0.08425925925925926
0 0.08697916666666666 0.3648148148148148 0.024479166666666666 0.04814814814814815
0 0.821875 0.026851851851851852 0.03854166666666667 0.053703703703703705
0 0.13697916666666668 0.14583333333333334 0.03333333333333333 0.049074074074074076
0 0.10208333333333333 0.34444444444444444 0.030208333333333334 0.05740740740740741
0 0.7330729166666666 0.0912037037037037 0.035416666666666666 0.09166666666666666
0 0.18385416666666668 0.20046296296296295 0.034895833333333334 0.05092592592592592
0 0.026822916666666665 0.38333333333333336 0.0390625 0.07037037037037037
0 0.48125 0.014814814814814815 0.029166666666666667 0.02962962962962963
0 0.12578125 0.37962962962962965 0.0296875 0.06759259259259259
0 0.8997395833333334 0.034722222222222224 0.04010416666666667 0.06944444444444445
0 0.9106770833333333 0.010185185185185186 0.05677083333333333 0.020370370370370372
0 0.18411458333333333 0.2361111111111111 0.04583333333333333 0.075
0 0.015625 0.4388888888888889 0.03125 0.07037037037037037
0 0.92265625 0.05 0.03802083333333333 0.08703703703703704
0 0.31302083333333336 0.27175925925925926 0.03333333333333333 0.07407407407407407
0 0.06979166666666667 0.3439814814814815 0.025 0.05277777777777778
0 0.26536458333333335 0.29305555555555557 0.044270833333333336 0.08703703703703704
0 0.06276041666666667 0.3976851851851852 0.04375 0.07592592592592592
0 0.38776041666666666 0.21851851851851853 0.044270833333333336 0.07962962962962963
0 0.13854166666666667 0.40185185185185185 0.030208333333333334 0.053703703703703705
0 0.61875 0.1375 0.03229166666666667 0.07407407407407407
0 0.09036458333333333 0.3972222222222222 0.0328125 0.06296296296296296
0 0.11484375 0.40555555555555556 0.0296875 0.06388888888888888