0 0.34453125 0.6328703703703704 0.13359375 0.16666666666666666
0 0.54765625 0.7722222222222223 0.17005208333333333 0.16805555555555557
0 0.41744791666666664 0.8393518518518519 0.14583333333333334 0.1912037037037037
0 0.54296875 0.5717592592592593 0.12760416666666666 0.16805555555555557
0 0.4583333333333333 0.6236111111111111 0.08671875 0.1699074074074074
0 0.4278645833333333 0.462037037037037 0.05546875 0.09722222222222222
0 0.5216145833333333 0.4666666666666667 0.09375 0.14351851851851852
0 0.34296875 0.5032407407407408 0.06953125 0.12361111111111112
0 0.6309895833333333 0.5958333333333333 0.05546875 0.19444444444444445
0 0.7348958333333333 0.5981481481481481 0.1171875 0.22685185185185186
0 0.6270833333333333 0.3875 0.06171875 0.11712962962962963
0 0.5625 0.3416666666666667 0.07109375 0.14027777777777778
0 0.4544270833333333 0.3578703703703704 0.07552083333333333 0.09861111111111111
0 0.3875 0.325 0.05130208333333333 0.09722222222222222
0 0.3723958333333333 0.40185185185185185 0.08854166666666667 0.12824074074074074
0 0.75859375 0.4675925925925926 0.052083333333333336 0.11712962962962963
0 0.6861979166666666 0.4708333333333333 0.09114583333333333 0.1111111111111111
0 0.8325520833333333 0.6171296296296296 0.08671875 0.20694444444444443
0 0.7213541666666666 0.3425925925925926 0.12317708333333334 0.11712962962962963
0 0.4901041666666667 0.31342592592592594 0.08072916666666667 0.15416666666666667
0 0.66953125 0.4925925925925926 0.07473958333333333 0.14583333333333334
0 0.5854166666666667 0.26666666666666666 0.06614583333333333 0.11944444444444445
0 0.6567708333333333 0.3037037037037037 0.07291666666666667 0.10462962962962963
0 0.4432291666666667 0.28703703703703703 0.06510416666666667 0.09861111111111111
0 0.2794270833333333 0.36342592592592593 0.08515625 0.14537037037037037
0 0.6572916666666667 0.24768518518518517 0.06302083333333333 0.07685185185185185
0 0.8838541666666667 0.6143518518518518 0.0859375 0.18564814814814815
0 0.8520833333333333 0.46296296296296297 0.11484375 0.16574074074074074
0 0.21901041666666668 0.5023148148148148 0.12239583333333333 0.18981481481481483
0 0.8286458333333333 0.4046296296296296 0.050520833333333334 0.10185185185185185
0 0.5296875 0.25046296296296294 0.06015625 0.10277777777777777
0 0.4661458333333333 0.21157407407407408 0.046875 0.05740740740740741
0 0.3924479166666667 0.25046296296296294 0.06067708333333333 0.10046296296296296
0 0.13098958333333333 0.500462962962963 0.07760416666666667 0.18425925925925926
0 0.6026041666666667 0.15231481481481482 0.03802083333333333 0.06620370370370371
0 0.5484375 0.16574074074074074 0.03671875 0.06898148148148148
0 0.3984375 0.1875 0.057291666666666664 0.0824074074074074
0 0.7778645833333333 0.30092592592592593 0.04348958333333333 0.08472222222222223
0 0.7182291666666667 0.18009259259259258 0.062239583333333334 0.0824074074074074
0 0.646875 0.20462962962962963 0.06197916666666667 0.07777777777777778
0 0.3411458333333333 0.2847222222222222 0.051041666666666666 0.06342592592592593
0 0.45026041666666666 0.1787037037037037 0.04791666666666667 0.05787037037037037
0 0.8231770833333333 0.26064814814814813 0.07109375 0.13703703703703704
0 0.7684895833333333 0.17916666666666667 0.053125 0.09074074074074075
0 0.5088541666666667 0.1675925925925926 0.05807291666666667 0.08981481481481482
0 0.72109375 0.24953703703703703 0.06770833333333333 0.09583333333333334
0 0.35703125 0.14675925925925926 0.05026041666666667 0.1175925925925926