0 0.9307291666666667 0.6351851851851852 0.04791666666666667 0.08518518518518518
0 0.9052083333333333 0.6837962962962963 0.058854166666666666 0.10185185185185185
0 0.6421875 0.6027777777777777 0.0359375 0.0712962962962963
0 0.88984375 0.7592592592592593 0.06354166666666666 0.09259259259259259
0 0.6205729166666667 0.6828703703703703 0.05677083333333333 0.08518518518518518
0 0.5940104166666667 0.625462962962963 0.053125 0.09722222222222222
0 0.4276041666666667 0.4444444444444444 0.03697916666666667 0.08148148148148149
0 0.8580729166666666 0.5777777777777777 0.041666666666666664 0.075
0 0.8911458333333333 0.5425925925925926 0.0453125 0.07037037037037037
0 0.3729166666666667 0.5722222222222222 0.05416666666666667 0.07314814814814814
0 0.92265625 0.5435185185185185 0.035416666666666666 0.075
0 0.6296875 0.5652777777777778 0.036458333333333336 0.07314814814814814
0 0.6671875 0.5967592592592592 0.035416666666666666 0.07222222222222222
0 0.36276041666666664 0.4444444444444444 0.041666666666666664 0.08148148148148149
0 0.8854166666666666 0.6240740740740741 0.04895833333333333 0.08425925925925926
0 0.5846354166666666 0.5560185185185185 0.040625 0.06296296296296296
0 0.46328125 0.4449074074074074 0.041666666666666664 0.07314814814814814
0 0.953125 0.5898148148148148 0.034895833333333334 0.07222222222222222
0 0.8572916666666667 0.687962962962963 0.04479166666666667 0.09444444444444444
0 0.6005208333333333 0.7310185185185185 0.07604166666666666 0.10185185185185185
0 0.44453125 0.34814814814814815 0.03854166666666667 0.09351851851851851
0 0.6419270833333334 0.4981481481481482 0.040625 0.05555555555555555
0 0.7619791666666667 0.4564814814814815 0.04479166666666667 0.08796296296296297
0 0.39479166666666665 0.5282407407407408 0.044270833333333336 0.08703703703703704
0 0.40677083333333336 0.47638888888888886 0.042708333333333334 0.08425925925925926
0 0.7421875 0.5972222222222222 0.0515625 0.09722222222222222
0 0.4591145833333333 0.5055555555555555 0.04895833333333333 0.11203703703703703
0 0.6544270833333333 0.5287037037037037 0.03697916666666667 0.06666666666666667
0 0.559375 0.6814814814814815 0.05625 0.1037037037037037
0 0.7703125 0.6157407407407407 0.04375 0.08611111111111111
0 0.6546875 0.6388888888888888 0.0390625 0.049074074074074076
0 0.40911458333333334 0.4009259259259259 0.04114583333333333 0.07685185185185185
0 0.6916666666666667 0.6300925925925925 0.04635416666666667 0.1111111111111111
0 0.5486979166666667 0.5990740740740741 0.04635416666666667 0.10740740740740741
0 0.31979166666666664 0.5351851851851852 0.05677083333333333 0.1175925925925926
0 0.7515625 0.5199074074074074 0.04114583333333333 0.08425925925925926
0 0.9575520833333333 0.687962962962963 0.05625 0.09444444444444444
0 0.5268229166666667 0.6537037037037037 0.034375 0.062037037037037036
0 0.9783854166666667 0.6314814814814815 0.040625 0.13055555555555556
0 0.8255208333333334 0.6560185185185186 0.04479166666666667 0.08518518518518518
0 0.38125 0.33101851851851855 0.0359375 0.06388888888888888
0 0.7221354166666667 0.663425925925926 0.05625 0.11481481481481481
0 0.8208333333333333 0.5055555555555555 0.03958333333333333 0.07962962962962963
0 0.3890625 0.38287037037037036 0.03177083333333333 0.06944444444444445
0 0.4171875 0.32175925925925924 0.0359375 0.06666666666666667
0 0.5791666666666667 0.5180555555555556 0.03802083333333333 0.0712962962962963
0 0.5450520833333333 0.5486111111111112 0.0359375 0.06574074074074074
0 0.3263020833333333 0.44675925925925924 0.0390625 0.07314814814814814
0 0.14973958333333334 0.43287037037037035 0.041666666666666664 0.07685185185185185
0 0.81328125 0.774537037037037 0.057291666666666664 0.10277777777777777
0 0.17630208333333333 0.42453703703703705 0.0375 0.09444444444444444
0 0.2390625 0.412962962962963 0.033854166666666664 0.06111111111111111
0 0.2546875 0.4615740740740741 0.04791666666666667 0.09722222222222222
0 0.9877604166666667 0.7532407407407408 0.013020833333333334 0.06481481481481481
0 0.2911458333333333 0.4393518518518518 0.04010416666666667 0.06944444444444445
0 0.45338541666666665 0.3990740740740741 0.033854166666666664 0.05925925925925926
0 0.6481770833333333 0.4263888888888889 0.046875 0.10092592592592593
0 0.94765625 0.5268518518518519 0.046875 0.08333333333333333
0 0.278125 0.3990740740740741 0.041666666666666664 0.06944444444444445
0 0.18984375 0.3648148148148148 0.03333333333333333 0.053703703703703705
0 0.20208333333333334 0.4462962962962963 0.041666666666666664 0.09444444444444444
0 0.30026041666666664 0.37083333333333335 0.04739583333333333 0.0787037037037037
0 0.2546875 0.32037037037037036 0.0421875 0.07962962962962963
0 0.7278645833333334 0.45046296296296295 0.04739583333333333 0.10925925925925926
0 0.7932291666666667 0.7050925925925926 0.06458333333333334 0.125
0 0.15416666666666667 0.30648148148148147 0.04479166666666667 0.07407407407407407
0 0.12786458333333334 0.2814814814814815 0.03854166666666667 0.05462962962962963