0 0.6606770833333333 0.23425925925925925 0.15416666666666667 0.24722222222222223
0 0.4361979166666667 0.17407407407407408 0.16770833333333332 0.27870370370370373
0 0.5549479166666667 0.08055555555555556 0.13802083333333334 0.16111111111111112
0 0.51015625 0.5050925925925925 0.11822916666666666 0.18425925925925926
0 0.5869791666666667 0.4375 0.12552083333333333 0.2037037037037037
0 0.4622395833333333 0.38333333333333336 0.14114583333333333 0.1935185185185185
0 0.5484375 0.2814814814814815 0.10416666666666667 0.19444444444444445
0 0.26067708333333334 0.42083333333333334 0.09427083333333333 0.25462962962962965
0 0.36484375 0.3921296296296296 0.08333333333333333 0.22407407407407406
0 0.4109375 0.624537037037037 0.0921875 0.16574074074074074
0 0.3484375 0.5541666666666667 0.09583333333333334 0.1574074074074074
0 0.26536458333333335 0.5935185185185186 0.09635416666666667 0.1685185185185185
0 0.2916666666666667 0.711574074074074 0.12083333333333333 0.1712962962962963
0 0.58671875 0.5699074074074074 0.08802083333333334 0.11944444444444445
0 0.66328125 0.36712962962962964 0.12604166666666666 0.17407407407407408
0 0.6354166666666666 0.48935185185185187 0.12395833333333334 0.17314814814814813
0 0.4869791666666667 0.6361111111111111 0.121875 0.20555555555555555
0 0.6559895833333333 0.575462962962963 0.10677083333333333 0.13518518518518519
0 0.5526041666666667 0.6546296296296297 0.06822916666666666 0.15648148148148147
0 0.39375 0.7245370370370371 0.12291666666666666 0.13425925925925927
0 0.20703125 0.7268518518518519 0.059375 0.11944444444444445
0 0.171875 0.4722222222222222 0.1046875 0.24351851851851852
0 0.10625 0.5537037037037037 0.08541666666666667 0.2064814814814815