0 0.16145833333333334 0.2439814814814815 0.0515625 0.08888888888888889
0 0.5325520833333334 0.2657407407407407 0.06145833333333333 0.11666666666666667
0 0.1515625 0.3 0.03697916666666667 0.06388888888888888
0 0.5721354166666667 0.3055555555555556 0.05416666666666667 0.1
0 0.3171875 0.26851851851851855 0.0453125 0.11296296296296296
0 0.6369791666666667 0.15 0.08177083333333333 0.13333333333333333
0 0.4239583333333333 0.18796296296296297 0.059895833333333336 0.1175925925925926
0 0.6760416666666667 0.30092592592592593 0.0609375 0.10925925925925926
0 0.4375 0.10740740740740741 0.06770833333333333 0.13703703703703704
0 0.5828125 0.22777777777777777 0.06302083333333333 0.1259259259259259
0 0.16145833333333334 0.17962962962962964 0.06354166666666666 0.09814814814814815
0 0.48098958333333336 0.14537037037037037 0.0578125 0.12777777777777777
0 0.2713541666666667 0.18055555555555555 0.06770833333333333 0.15185185185185185
0 0.22421875 0.14907407407407408 0.065625 0.13703703703703704
0 0.60703125 0.3148148148148148 0.04635416666666667 0.09166666666666666
0 0.23489583333333333 0.32592592592592595 0.04583333333333333 0.07407407407407407
0 0.67734375 0.2023148148148148 0.07916666666666666 0.14166666666666666
0 0.43411458333333336 0.2796296296296296 0.06614583333333333 0.11481481481481481
0 0.5721354166666667 0.3611111111111111 0.04895833333333333 0.10462962962962963
0 0.60625 0.39351851851851855 0.06197916666666667 0.11203703703703703
0 0.38359375 0.28703703703703703 0.06614583333333333 0.14907407407407408
0 0.10833333333333334 0.16157407407407406 0.05260416666666667 0.10462962962962963
0 0.6815104166666667 0.36712962962962964 0.051041666666666666 0.09351851851851851
0 0.6549479166666666 0.3712962962962963 0.046875 0.08611111111111111
0 0.28046875 0.3013888888888889 0.0453125 0.08055555555555556
0 0.20755208333333333 0.23287037037037037 0.05364583333333333 0.08981481481481482
0 0.6388020833333333 0.3388888888888889 0.06197916666666667 0.10277777777777777
0 0.4895833333333333 0.3365740740740741 0.06302083333333333 0.12777777777777777
0 0.24140625 0.23148148148148148 0.0515625 0.10462962962962963
0 0.06666666666666667 0.11388888888888889 0.06614583333333333 0.11944444444444445
0 0.26875 0.32731481481481484 0.046875 0.08425925925925926
0 0.4583333333333333 0.21851851851851853 0.05572916666666667 0.11388888888888889
0 0.721875 0.15833333333333333 0.07916666666666666 0.13703703703703704
0 0.4934895833333333 0.22685185185185186 0.058333333333333334 0.125
0 0.29348958333333336 0.24861111111111112 0.0515625 0.12037037037037036
0 0.39088541666666665 0.11157407407407408 0.06041666666666667 0.12129629629629629
0 0.5815104166666667 0.12314814814814815 0.07083333333333333 0.14537037037037037
0 0.7385416666666667 0.21296296296296297 0.0484375 0.10277777777777777
0 0.12916666666666668 0.1912037037037037 0.049479166666666664 0.0962962962962963
0 0.52890625 0.12638888888888888 0.084375 0.1685185185185185
0 0.6375 0.27037037037037037 0.0625 0.11574074074074074
0 0.60859375 0.23194444444444445 0.059375 0.11574074074074074
0 0.7622395833333333 0.1537037037037037 0.071875 0.11481481481481481
0 0.07161458333333333 0.040740740740740744 0.0515625 0.08148148148148149
0 0.5518229166666667 0.4185185185185185 0.05520833333333333 0.07592592592592592
0 0.059375 0.18101851851851852 0.06979166666666667 0.11944444444444445
0 0.17630208333333333 0.31666666666666665 0.0390625 0.06574074074074074
0 0.5375 0.21203703703703702 0.04583333333333333 0.09537037037037037
0 0.4158854166666667 0.34814814814814815 0.052083333333333336 0.08425925925925926
0 0.4674479166666667 0.38981481481481484 0.0578125 0.08703703703703704
0 0.21588541666666666 0.3638888888888889 0.04375 0.06944444444444445
0 0.35390625 0.15833333333333333 0.0640625 0.1361111111111111
0 0.621875 0.08981481481481482 0.0953125 0.13240740740740742
0 0.044270833333333336 0.2662037037037037 0.06458333333333334 0.12037037037037036