0 0.6481770833333333 0.6518518518518519 0.06458333333333334 0.07685185185185185
0 0.7924479166666667 0.4708333333333333 0.052083333333333336 0.09814814814814815
0 0.8369791666666667 0.49212962962962964 0.05 0.12407407407407407
0 0.04296875 0.39444444444444443 0.03697916666666667 0.06759259259259259
0 0.853125 0.5986111111111111 0.04895833333333333 0.08796296296296297
0 0.5921875 0.6328703703703704 0.05416666666666667 0.08148148148148149
0 0.7033854166666667 0.6300925925925925 0.06614583333333333 0.10555555555555556
0 0.9166666666666666 0.5009259259259259 0.044270833333333336 0.06851851851851852
0 0.6184895833333334 0.5722222222222222 0.0546875 0.10740740740740741
0 0.5013020833333334 0.47824074074074074 0.057291666666666664 0.11944444444444445
0 0.4434895833333333 0.42916666666666664 0.046875 0.0824074074074074
0 0.61484375 0.4740740740740741 0.04895833333333333 0.09537037037037037
0 0.037760416666666664 0.324537037037037 0.0375 0.07407407407407407
0 0.7528645833333333 0.41944444444444445 0.03697916666666667 0.06111111111111111
0 0.5776041666666667 0.5148148148148148 0.04375 0.08981481481481482
0 0.7947916666666667 0.5185185185185185 0.0515625 0.08888888888888889
0 0.19765625 0.2912037037037037 0.035416666666666666 0.06481481481481481
0 0.9442708333333333 0.5273148148148148 0.044270833333333336 0.07777777777777778
0 0.028645833333333332 0.28935185185185186 0.04114583333333333 0.07314814814814814
0 0.9567708333333333 0.5625 0.05 0.08055555555555556
0 0.9919270833333333 0.5564814814814815 0.016145833333333335 0.07777777777777778
0 0.7614583333333333 0.5847222222222223 0.042708333333333334 0.1259259259259259
0 0.9875 0.5032407407407408 0.025 0.05648148148148148
0 0.7971354166666667 0.575925925925926 0.04791666666666667 0.08888888888888889
0 0.4192708333333333 0.49212962962962964 0.057291666666666664 0.12222222222222222
0 0.8049479166666667 0.6791666666666667 0.049479166666666664 0.11481481481481481
0 0.97578125 0.6337962962962963 0.044270833333333336 0.10092592592592593
0 0.7481770833333333 0.4537037037037037 0.043229166666666666 0.075
0 0.7708333333333334 0.38657407407407407 0.040625 0.075
0 0.49322916666666666 0.387037037037037 0.04010416666666667 0.07962962962962963
0 0.37994791666666666 0.3888888888888889 0.053125 0.07777777777777778
0 0.29401041666666666 0.32592592592592595 0.0359375 0.06574074074074074
0 0.7307291666666667 0.37962962962962965 0.035416666666666666 0.06574074074074074
0 0.7078125 0.4587962962962963 0.0328125 0.09074074074074075
0 0.8877604166666667 0.4842592592592593 0.04479166666666667 0.06851851851851852
0 0.07265625 0.37916666666666665 0.0484375 0.0824074074074074
0 0.007552083333333333 0.45555555555555555 0.015104166666666667 0.07592592592592592
0 0.090625 0.3175925925925926 0.043229166666666666 0.06388888888888888
0 0.5559895833333334 0.5805555555555556 0.0671875 0.1111111111111111
0 0.8140625 0.4111111111111111 0.042708333333333334 0.0824074074074074
0 0.5838541666666667 0.3439814814814815 0.035416666666666666 0.06574074074074074
0 0.7765625 0.6555555555555556 0.058854166666666666 0.09722222222222222
0 0.8838541666666667 0.4361111111111111 0.042708333333333334 0.07222222222222222
0 0.024479166666666666 0.24074074074074073 0.036458333333333336 0.06296296296296296
0 0.8791666666666667 0.5731481481481482 0.05677083333333333 0.10462962962962963
0 0.2296875 0.41712962962962963 0.0515625 0.09722222222222222
0 0.90546875 0.5583333333333333 0.0390625 0.0824074074074074
0 0.8869791666666667 0.7569444444444444 0.07395833333333333 0.08796296296296297
0 0.5559895833333334 0.38657407407407407 0.04114583333333333 0.08796296296296297
0 0.9216145833333333 0.6291666666666667 0.0578125 0.08703703703703704
0 0.57578125 0.46435185185185185 0.04583333333333333 0.09907407407407408
0 0.46145833333333336 0.5981481481481481 0.0578125 0.10740740740740741
0 0.26067708333333334 0.3194444444444444 0.0421875 0.06388888888888888
0 0.11354166666666667 0.3384259259259259 0.03958333333333333 0.06481481481481481
0 0.6125 0.3578703703703704 0.0375 0.06481481481481481
0 0.6528645833333333 0.5291666666666667 0.04583333333333333 0.08703703703703704
0 0.6783854166666666 0.5736111111111111 0.05260416666666667 0.12129629629629629
0 0.16822916666666668 0.34074074074074073 0.0625 0.13518518518518519
0 0.7440104166666667 0.36435185185185187 0.03125 0.053703703703703705
0 0.01640625 0.37592592592592594 0.0296875 0.08518518518518518
0 0.9734375 0.5291666666666667 0.03229166666666667 0.06388888888888888
0 0.19192708333333333 0.49907407407407406 0.04895833333333333 0.07222222222222222
0 0.8489583333333334 0.4125 0.042708333333333334 0.07314814814814814
0 0.50859375 0.5472222222222223 0.049479166666666664 0.1037037037037037
0 0.1265625 0.4615740740740741 0.036458333333333336 0.05925925925925926
0 0.6971354166666667 0.4009259259259259 0.041666666666666664 0.09074074074074075
0 0.32109375 0.3060185185185185 0.03958333333333333 0.09722222222222222
0 0.24453125 0.37453703703703706 0.04010416666666667 0.0824074074074074
0 0.24947916666666667 0.5435185185185185 0.058333333333333334 0.12314814814814815
0 0.8002604166666667 0.3819444444444444 0.0359375 0.07037037037037037
0 0.11901041666666666 0.39351851851851855 0.059375 0.10740740740740741
0 0.153125 0.4791666666666667 0.04583333333333333 0.06574074074074074
0 0.12473958333333333 0.26851851851851855 0.03854166666666667 0.06666666666666667
0 0.3216145833333333 0.3925925925925926 0.03697916666666667 0.08055555555555556
0 0.19453125 0.2611111111111111 0.0328125 0.04259259259259259
0 0.21484375 0.3509259259259259 0.046875 0.12777777777777777
0 0.05807291666666667 0.25 0.04739583333333333 0.07685185185185185
0 0.22604166666666667 0.47175925925925927 0.0625 0.09444444444444444
0 0.5265625 0.45185185185185184 0.06041666666666667 0.1259259259259259
0 0.8221354166666667 0.5898148148148148 0.030729166666666665 0.07777777777777778
0 0.14166666666666666 0.28888888888888886 0.0296875 0.06296296296296296
0 0.26067708333333334 0.24861111111111112 0.041666666666666664 0.044444444444444446
0 0.7385416666666667 0.4962962962962963 0.05625 0.09907407407407408
0 0.2747395833333333 0.41898148148148145 0.04375 0.125
0 0.17005208333333333 0.24537037037037038 0.043229166666666666 0.05462962962962963
0 0.6434895833333333 0.4074074074074074 0.0546875 0.12314814814814815
0 0.24505208333333334 0.5055555555555555 0.0390625 0.05925925925925926
0 0.16276041666666666 0.5458333333333333 0.052083333333333336 0.10462962962962963
0 0.29739583333333336 0.46574074074074073 0.042708333333333334 0.12222222222222222
0 0.18723958333333332 0.4597222222222222 0.0546875 0.07314814814814814
0 0.09661458333333334 0.24675925925925926 0.03802083333333333 0.08148148148148149
0 0.8325520833333333 0.6782407407407407 0.049479166666666664 0.11481481481481481
0 0.8640625 0.6962962962962963 0.042708333333333334 0.10555555555555556
0 0.90546875 0.6875 0.0484375 0.06944444444444445