0 0.4356770833333333 0.4888888888888889 0.05572916666666667 0.10555555555555556
0 0.7268229166666667 0.5884259259259259 0.036458333333333336 0.07685185185185185
0 0.23723958333333334 0.4685185185185185 0.0421875 0.06111111111111111
0 0.265625 0.4236111111111111 0.04375 0.06851851851851852
0 0.45234375 0.44537037037037036 0.04739583333333333 0.07685185185185185
0 0.8541666666666666 0.5643518518518519 0.0359375 0.06759259259259259
0 0.6940104166666666 0.5902777777777778 0.04583333333333333 0.08518518518518518
0 0.8796875 0.5810185185185185 0.0359375 0.06574074074074074
0 0.47890625 0.5208333333333334 0.05364583333333333 0.10462962962962963
0 0.23333333333333334 0.4078703703703704 0.044270833333333336 0.08425925925925926
0 0.82265625 0.5731481481481482 0.044270833333333336 0.08888888888888889
0 0.80625 0.538425925925926 0.03958333333333333 0.08888888888888889
0 0.5809895833333333 0.5768518518518518 0.050520833333333334 0.10925925925925926
0 0.5182291666666666 0.4361111111111111 0.034895833333333334 0.0712962962962963
0 0.7791666666666667 0.5597222222222222 0.04895833333333333 0.09814814814814815
0 0.27109375 0.3819444444444444 0.034375 0.062037037037037036
0 0.30546875 0.524537037037037 0.04479166666666667 0.07037037037037037
0 0.6390625 0.5564814814814815 0.04375 0.09814814814814815
0 0.20807291666666666 0.38101851851851853 0.03697916666666667 0.07314814814814814
0 0.23854166666666668 0.5208333333333334 0.049479166666666664 0.08333333333333333
0 0.8315104166666667 0.6134259259259259 0.046875 0.08425925925925926
0 0.60078125 0.500462962962963 0.0390625 0.0824074074074074
0 0.8278645833333333 0.5203703703703704 0.027083333333333334 0.053703703703703705
0 0.44427083333333334 0.5611111111111111 0.05625 0.09166666666666666
0 0.40130208333333334 0.5351851851851852 0.04010416666666667 0.07407407407407407
0 0.5731770833333333 0.4212962962962963 0.03697916666666667 0.08055555555555556
0 0.4109375 0.4310185185185185 0.04479166666666667 0.08703703703703704
0 0.78515625 0.47453703703703703 0.0296875 0.04722222222222222
0 0.21119791666666668 0.44351851851851853 0.0390625 0.08425925925925926
0 0.60859375 0.5666666666666667 0.04375 0.0962962962962963
0 0.17682291666666666 0.4097222222222222 0.04635416666666667 0.09537037037037037
0 0.16432291666666668 0.34629629629629627 0.035416666666666666 0.06296296296296296
0 0.7106770833333333 0.5143518518518518 0.04375 0.07314814814814814
0 0.12213541666666666 0.31851851851851853 0.03802083333333333 0.07962962962962963
0 0.8723958333333334 0.5138888888888888 0.04010416666666667 0.06759259259259259
0 0.68203125 0.6708333333333333 0.06197916666666667 0.10092592592592593
0 0.09817708333333333 0.2916666666666667 0.034375 0.07314814814814814
0 0.37994791666666666 0.4722222222222222 0.0546875 0.10277777777777777
0 0.5213541666666667 0.5092592592592593 0.04583333333333333 0.08981481481481482
0 0.7776041666666667 0.5064814814814815 0.03854166666666667 0.06759259259259259
0 0.40729166666666666 0.34120370370370373 0.03177083333333333 0.06481481481481481
0 0.8122395833333333 0.487962962962963 0.0296875 0.046296296296296294
0 0.6684895833333333 0.624537037037037 0.0421875 0.07777777777777778
0 0.7200520833333334 0.6513888888888889 0.0421875 0.0787037037037037
0 0.48098958333333336 0.48009259259259257 0.043229166666666666 0.07685185185185185
0 0.2671875 0.5625 0.03854166666666667 0.06851851851851852
0 0.8559895833333333 0.4842592592592593 0.0375 0.06574074074074074
0 0.3809895833333333 0.3736111111111111 0.03229166666666667 0.06666666666666667
0 0.8940104166666667 0.5337962962962963 0.036458333333333336 0.06481481481481481
0 0.25703125 0.3333333333333333 0.03958333333333333 0.07037037037037037
0 0.20442708333333334 0.5055555555555555 0.0359375 0.07222222222222222
0 0.47552083333333334 0.41759259259259257 0.04739583333333333 0.0787037037037037
0 0.271875 0.49537037037037035 0.051041666666666666 0.08611111111111111
0 0.07760416666666667 0.3648148148148148 0.03229166666666667 0.06481481481481481
0 0.2869791666666667 0.3592592592592593 0.043229166666666666 0.09907407407407408
0 0.45859375 0.337037037037037 0.04010416666666667 0.06851851851851852
0 0.016927083333333332 0.42824074074074076 0.033854166666666664 0.09351851851851851
0 0.4315104166666667 0.3143518518518518 0.033854166666666664 0.06574074074074074
0 0.76328125 0.4078703703703704 0.0375 0.07777777777777778
0 0.8455729166666667 0.5199074074074074 0.022916666666666665 0.044444444444444446
0 0.03802083333333333 0.4847222222222222 0.0640625 0.09907407407407408
0 0.12578125 0.4111111111111111 0.049479166666666664 0.12222222222222222
0 0.09270833333333334 0.41805555555555557 0.050520833333333334 0.1175925925925926
0 0.4979166666666667 0.36712962962962964 0.0515625 0.08611111111111111
0 0.019791666666666666 0.35462962962962963 0.0328125 0.08981481481481482
0 0.8171875 0.4273148148148148 0.028125 0.06481481481481481
0 0.8309895833333333 0.49074074074074076 0.025 0.04814814814814815
0 0.043229166666666666 0.3888888888888889 0.04635416666666667 0.10925925925925926
0 0.43411458333333336 0.36527777777777776 0.043229166666666666 0.06944444444444445
0 0.3190104166666667 0.5 0.04791666666666667 0.07962962962962963
0 0.9236979166666667 0.6287037037037037 0.04739583333333333 0.09444444444444444
0 0.546875 0.5625 0.05 0.11944444444444445
0 0.8427083333333333 0.6587962962962963 0.0484375 0.0824074074074074
0 0.88359375 0.6453703703703704 0.051041666666666666 0.09351851851851851
0 0.9177083333333333 0.49907407407407406 0.04010416666666667 0.07314814814814814
0 0.23177083333333334 0.31157407407407406 0.0359375 0.07962962962962963
0 0.06614583333333333 0.4527777777777778 0.06197916666666667 0.12777777777777777
0 0.38229166666666664 0.3282407407407407 0.034895833333333334 0.06296296296296296
0 0.6393229166666666 0.39675925925925926 0.04895833333333333 0.09722222222222222
0 0.9533854166666667 0.6337962962962963 0.044270833333333336 0.09444444444444444
0 0.5190104166666667 0.6106481481481482 0.04635416666666667 0.10277777777777777
0 0.5567708333333333 0.362962962962963 0.04010416666666667 0.07222222222222222
0 0.30130208333333336 0.5842592592592593 0.04583333333333333 0.09722222222222222
0 0.83515625 0.45555555555555555 0.030208333333333334 0.05185185185185185
0 0.34479166666666666 0.41388888888888886 0.057291666666666664 0.1111111111111111
0 0.98359375 0.5546296296296296 0.0328125 0.06851851851851852
0 0.6963541666666667 0.42407407407407405 0.04114583333333333 0.09537037037037037
0 0.28098958333333335 0.2824074074074074 0.03802083333333333 0.04722222222222222
0 0.97421875 0.6300925925925925 0.04895833333333333 0.1175925925925926