0 0.6184895833333334 0.4078703703703704 0.0609375 0.10185185185185185
0 0.6005208333333333 0.5199074074074074 0.046875 0.0824074074074074
0 0.8135416666666667 0.45416666666666666 0.051041666666666666 0.08333333333333333
0 0.5802083333333333 0.44583333333333336 0.05520833333333333 0.11388888888888889
0 0.7466145833333333 0.45046296296296295 0.04114583333333333 0.06481481481481481
0 0.7747395833333334 0.5888888888888889 0.034375 0.06388888888888888
0 0.48411458333333335 0.3939814814814815 0.0546875 0.11666666666666667
0 0.5736979166666667 0.4912037037037037 0.041666666666666664 0.0712962962962963
0 0.1234375 0.3976851851851852 0.03854166666666667 0.06018518518518518
0 0.15677083333333333 0.38101851851851853 0.03802083333333333 0.06759259259259259
0 0.9106770833333333 0.5625 0.049479166666666664 0.11944444444444445
0 0.6119791666666666 0.6018518518518519 0.04479166666666667 0.06851851851851852
0 0.21614583333333334 0.3912037037037037 0.0421875 0.09074074074074075
0 0.3578125 0.36944444444444446 0.04791666666666667 0.08796296296296297
0 0.64375 0.5337962962962963 0.04895833333333333 0.0962962962962963
0 0.965625 0.5254629629629629 0.0625 0.1259259259259259
0 0.9513020833333333 0.6111111111111112 0.034895833333333334 0.06944444444444445
0 0.11067708333333333 0.33240740740740743 0.046875 0.08703703703703704
0 0.2609375 0.40555555555555556 0.04583333333333333 0.10462962962962963
0 0.5768229166666666 0.5504629629629629 0.0453125 0.0787037037037037
0 0.9822916666666667 0.5912037037037037 0.035416666666666666 0.09351851851851851
0 0.25052083333333336 0.49074074074074076 0.029166666666666667 0.04722222222222222
0 0.7825520833333334 0.638425925925926 0.036458333333333336 0.06574074074074074
0 0.7346354166666667 0.475 0.05 0.08055555555555556
0 0.18307291666666667 0.40046296296296297 0.0390625 0.07037037037037037
0 0.8127604166666667 0.5648148148148148 0.04114583333333333 0.08055555555555556
0 0.32135416666666666 0.37962962962962965 0.0375 0.08148148148148149
0 0.19036458333333334 0.4439814814814815 0.0265625 0.05092592592592592
0 0.8734375 0.6263888888888889 0.0359375 0.06296296296296296
0 0.5380208333333333 0.4597222222222222 0.04791666666666667 0.0962962962962963
0 0.45338541666666665 0.3962962962962963 0.04791666666666667 0.10740740740740741
0 0.5088541666666667 0.5231481481481481 0.0359375 0.07407407407407407
0 0.3859375 0.3375 0.042708333333333334 0.08148148148148149
0 0.8135416666666667 0.5078703703703704 0.040625 0.06018518518518518
0 0.7505208333333333 0.6814814814814815 0.040625 0.05092592592592592
0 0.90859375 0.649074074074074 0.0375 0.07777777777777778
0 0.42083333333333334 0.42083333333333334 0.04479166666666667 0.09814814814814815
0 0.6239583333333333 0.4828703703703704 0.057291666666666664 0.10555555555555556
0 0.753125 0.39351851851851855 0.04375 0.08888888888888889
0 0.8026041666666667 0.6597222222222222 0.030729166666666665 0.06666666666666667
0 0.7825520833333334 0.5472222222222223 0.042708333333333334 0.06944444444444445
0 0.19739583333333333 0.30648148148148147 0.0453125 0.07037037037037037
0 0.5140625 0.40324074074074073 0.052083333333333336 0.11851851851851852
0 0.95625 0.6800925925925926 0.03333333333333333 0.07222222222222222
0 0.6111979166666667 0.6550925925925926 0.0328125 0.06388888888888888
0 0.8442708333333333 0.4699074074074074 0.034375 0.06851851851851852
0 0.23151041666666666 0.42685185185185187 0.0390625 0.08703703703703704
0 0.84609375 0.5407407407407407 0.049479166666666664 0.09074074074074075
0 0.5432291666666667 0.5981481481481481 0.0546875 0.08796296296296297
0 0.20651041666666667 0.350462962962963 0.04010416666666667 0.07314814814814814
0 0.23723958333333334 0.5254629629629629 0.035416666666666666 0.07777777777777778
0 0.8536458333333333 0.6518518518518519 0.034895833333333334 0.06851851851851852
0 0.9421875 0.5564814814814815 0.049479166666666664 0.11018518518518519
0 0.6145833333333334 0.562962962962963 0.042708333333333334 0.0712962962962963
0 0.9822916666666667 0.4949074074074074 0.035416666666666666 0.08425925925925926
0 0.9317708333333333 0.6518518518518519 0.03125 0.06388888888888888
0 0.8276041666666667 0.5921296296296297 0.042708333333333334 0.07407407407407407
0 0.1375 0.4305555555555556 0.04479166666666667 0.07037037037037037
0 0.7567708333333333 0.6101851851851852 0.04010416666666667 0.08796296296296297
0 0.15651041666666668 0.3148148148148148 0.05572916666666667 0.1
0 0.34427083333333336 0.4199074074074074 0.03958333333333333 0.058333333333333334
0 0.21796875 0.5347222222222222 0.028125 0.05925925925925926
0 0.48880208333333336 0.600925925925926 0.042708333333333334 0.07685185185185185
0 0.3723958333333333 0.287962962962963 0.06145833333333333 0.08611111111111111
0 0.884375 0.5921296296296297 0.036458333333333336 0.0824074074074074
0 0.16145833333333334 0.449537037037037 0.0390625 0.062037037037037036
0 0.4005208333333333 0.5675925925925925 0.05 0.09722222222222222
0 0.66953125 0.5847222222222223 0.035416666666666666 0.08518518518518518
0 0.6953125 0.6351851851851852 0.035416666666666666 0.05462962962962963
0 0.98984375 0.6472222222222223 0.011458333333333333 0.06111111111111111
0 0.63984375 0.6236111111111111 0.0328125 0.06666666666666667
0 0.7786458333333334 0.47685185185185186 0.046875 0.08055555555555556
0 0.2596354166666667 0.45555555555555555 0.03802083333333333 0.06666666666666667
0 0.07942708333333333 0.3296296296296296 0.03958333333333333 0.0824074074074074
0 0.45807291666666666 0.5912037037037037 0.03802083333333333 0.07962962962962963
0 0.6752604166666667 0.49583333333333335 0.05364583333333333 0.11203703703703703
0 0.5838541666666667 0.6268518518518519 0.0453125 0.08055555555555556
0 0.70546875 0.5643518518518519 0.06197916666666667 0.13148148148148148
0 0.2625 0.5305555555555556 0.036458333333333336 0.08518518518518518
0 0.8645833333333334 0.5662037037037037 0.041666666666666664 0.08703703703703704
0 0.5442708333333334 0.35648148148148145 0.05572916666666667 0.11296296296296296
0 0.7880208333333333 0.412962962962963 0.0421875 0.0712962962962963
0 0.6604166666666667 0.6560185185185186 0.04010416666666667 0.07685185185185185
0 0.7260416666666667 0.5912037037037037 0.0359375 0.11388888888888889
0 0.30963541666666666 0.3125 0.035416666666666666 0.06574074074074074
0 0.3927083333333333 0.4537037037037037 0.07604166666666666 0.14629629629629629