0 0.4231770833333333 0.7328703703703704 0.044270833333333336 0.07685185185185185
0 0.5049479166666667 0.7425925925925926 0.044270833333333336 0.09722222222222222
0 0.46640625 0.7263888888888889 0.04375 0.10185185185185185
0 0.5458333333333333 0.7328703703703704 0.04609375 0.09166666666666666
0 0.3328125 0.7643518518518518 0.053385416666666664 0.0912037037037037
0 0.4171875 0.6388888888888888 0.04244791666666667 0.09675925925925925
0 0.4552083333333333 0.6527777777777778 0.04375 0.1
0 0.30572916666666666 0.7379629629629629 0.05390625 0.09351851851851851
0 0.5106770833333333 0.5972222222222222 0.05286458333333333 0.09351851851851851
0 0.35625 0.6833333333333333 0.04869791666666667 0.09074074074074075
0 0.5138020833333333 0.6782407407407407 0.0421875 0.08564814814814815
0 0.5658854166666667 0.674537037037037 0.040364583333333336 0.09212962962962963
0 0.484375 0.6541666666666667 0.0375 0.08425925925925926
0 0.22890625 0.8018518518518518 0.04895833333333333 0.08009259259259259
0 0.2604166666666667 0.788425925925926 0.049479166666666664 0.08518518518518518
0 0.8765625 0.7361111111111112 0.05182291666666667 0.07268518518518519
0 0.453125 0.5546296296296296 0.038802083333333334 0.10740740740740741
0 0.3546875 0.5398148148148149 0.04348958333333333 0.08333333333333333
0 0.29739583333333336 0.6527777777777778 0.03619791666666667 0.07685185185185185
0 0.38307291666666665 0.5638888888888889 0.03125 0.0712962962962963
0 0.5575520833333333 0.5731481481481482 0.04895833333333333 0.11203703703703703
0 0.32890625 0.6546296296296297 0.04114583333333333 0.08148148148148149
0 0.8799479166666667 0.6537037037037037 0.0609375 0.0962962962962963
0 0.32916666666666666 0.6050925925925926 0.04244791666666667 0.08009259259259259
0 0.253125 0.737037037037037 0.04114583333333333 0.07037037037037037
0 0.9203125 0.6986111111111111 0.053385416666666664 0.08287037037037037
0 0.37916666666666665 0.7652777777777777 0.03854166666666667 0.10324074074074074
0 0.77109375 0.6106481481481482 0.05182291666666667 0.07592592592592592
0 0.8380208333333333 0.6763888888888889 0.03828125 0.06527777777777778
0 0.35520833333333335 0.6101851851851852 0.034375 0.06898148148148148
0 0.8125 0.5949074074074074 0.04505208333333333 0.08333333333333333
0 0.65 0.5833333333333334 0.032552083333333336 0.09537037037037037
0 0.8369791666666667 0.7319444444444444 0.037760416666666664 0.08611111111111111
0 0.5216145833333333 0.5458333333333333 0.03854166666666667 0.06620370370370371
0 0.62890625 0.5726851851851852 0.0296875 0.10185185185185185
0 0.9200520833333333 0.6444444444444445 0.040625 0.060648148148148145
0 0.37473958333333335 0.6370370370370371 0.03723958333333333 0.075
0 0.66796875 0.6287037037037037 0.03567708333333333 0.08518518518518518
0 0.6947916666666667 0.5916666666666667 0.04375 0.08564814814814815
0 0.7684895833333333 0.5560185185185185 0.04583333333333333 0.07361111111111111
0 0.8052083333333333 0.7041666666666667 0.05182291666666667 0.12314814814814815
0 0.31276041666666665 0.575462962962963 0.034375 0.05925925925925926
0 0.2903645833333333 0.5861111111111111 0.03567708333333333 0.06296296296296296
0 0.5619791666666667 0.5370370370370371 0.0359375 0.05324074074074074
0 0.9502604166666667 0.6805555555555556 0.03515625 0.06157407407407407
0 0.7221354166666667 0.575925925925926 0.046614583333333334 0.07268518518518519
0 0.7763020833333333 0.6949074074074074 0.055989583333333336 0.11296296296296296
0 0.48125 0.4976851851851852 0.03984375 0.06018518518518518
0 0.8325520833333333 0.6143518518518518 0.05130208333333333 0.08657407407407407
0 0.9307291666666667 0.587037037037037 0.042708333333333334 0.06157407407407407
0 0.5223958333333333 0.5106481481481482 0.03958333333333333 0.05648148148148148
0 0.4036458333333333 0.5055555555555555 0.048177083333333336 0.05555555555555555
0 0.3875 0.6111111111111112 0.03359375 0.075
0 0.74765625 0.6569444444444444 0.04791666666666667 0.07916666666666666
0 0.94921875 0.5393518518518519 0.039322916666666666 0.07361111111111111
0 0.7104166666666667 0.6435185185185185 0.05 0.08287037037037037
0 0.98203125 0.5527777777777778 0.03229166666666667 0.06944444444444445
0 0.8955729166666667 0.5662037037037037 0.045572916666666664 0.06018518518518518
0 0.9625 0.5847222222222223 0.06588541666666667 0.11805555555555555
0 0.6611979166666667 0.5277777777777778 0.03333333333333333 0.07314814814814814
0 0.7075520833333333 0.48194444444444445 0.03333333333333333 0.05555555555555555
0 0.9770833333333333 0.49583333333333335 0.0421875 0.06851851851851852
0 0.821875 0.5564814814814815 0.033854166666666664 0.05092592592592592
0 0.6739583333333333 0.4962962962962963 0.024739583333333332 0.05462962962962963
0 0.7940104166666667 0.49675925925925923 0.030729166666666665 0.05462962962962963
0 0.4825520833333333 0.537962962962963 0.058854166666666666 0.12685185185185185
0 0.8236979166666667 0.5097222222222222 0.03619791666666667 0.052314814814814814
0 0.90390625 0.5138888888888888 0.054427083333333334 0.09305555555555556
0 0.70703125 0.5328703703703703 0.05182291666666667 0.06435185185185185
0 0.76796875 0.48842592592592593 0.03046875 0.053703703703703705
0 0.9888020833333333 0.6754629629629629 0.022395833333333334 0.10555555555555556
0 0.8453125 0.5101851851851852 0.0328125 0.04814814814814815