0 0.7135416666666666 0.7185185185185186 0.12838541666666667 0.19305555555555556
0 0.49166666666666664 0.9074074074074074 0.10494791666666667 0.18518518518518517
0 0.37552083333333336 0.9564814814814815 0.09895833333333333 0.08703703703703704
0 0.2989583333333333 0.7615740740740741 0.09296875 0.16203703703703703
0 0.39895833333333336 0.7393518518518518 0.06510416666666667 0.16342592592592592
0 0.5104166666666666 0.6912037037037037 0.078125 0.08935185185185185
0 0.6033854166666667 0.7138888888888889 0.052083333333333336 0.17453703703703705
0 0.64921875 0.5648148148148148 0.05546875 0.08333333333333333
0 0.4825520833333333 0.5731481481481482 0.09895833333333333 0.15601851851851853
0 0.3888020833333333 0.5796296296296296 0.06067708333333333 0.1125
0 0.2986979166666667 0.612037037037037 0.0625 0.08194444444444444
0 0.3229166666666667 0.4976851851851852 0.057291666666666664 0.10046296296296296
0 0.40677083333333336 0.45601851851851855 0.0859375 0.12175925925925926
0 0.5111979166666667 0.4074074074074074 0.04869791666666667 0.11712962962962963
0 0.5997395833333333 0.47314814814814815 0.07994791666666666 0.10046296296296296
0 0.82109375 0.7175925925925926 0.05026041666666667 0.1574074074074074
0 0.7403645833333333 0.5657407407407408 0.08854166666666667 0.14027777777777778
0 0.6296875 0.3819444444444444 0.06328125 0.10648148148148148
0 0.4557291666666667 0.38981481481481484 0.03984375 0.1310185185185185
0 0.3377604166666667 0.4060185185185185 0.05911458333333333 0.06157407407407407
0 0.8950520833333333 0.6773148148148148 0.06770833333333333 0.14814814814814814
0 0.8244791666666667 0.5662037037037037 0.07473958333333333 0.13657407407407407
0 0.41822916666666665 0.7666666666666667 0.11744791666666667 0.24768518518518517
0 0.6385416666666667 0.5986111111111111 0.08229166666666667 0.1726851851851852
0 0.7046875 0.4462962962962963 0.1109375 0.1814814814814815
0 0.39765625 0.35694444444444445 0.06770833333333333 0.10972222222222222
0 0.6260416666666667 0.29953703703703705 0.06796875 0.07962962962962963
0 0.7549479166666667 0.36574074074074076 0.053385416666666664 0.10416666666666667
0 0.8096354166666667 0.4703703703703704 0.053125 0.10694444444444444
0 0.48880208333333336 0.31203703703703706 0.05963541666666667 0.1175925925925926
0 0.28489583333333335 0.3175925925925926 0.08177083333333333 0.12083333333333333
0 0.5057291666666667 0.21712962962962962 0.047135416666666666 0.075
0 0.5708333333333333 0.19490740740740742 0.043229166666666666 0.06574074074074074
0 0.5502604166666667 0.3402777777777778 0.06901041666666667 0.13194444444444445
0 0.35651041666666666 0.2462962962962963 0.06458333333333334 0.08564814814814815