0 0.4049479166666667 0.524074074074074 0.058333333333333334 0.12962962962962962
0 0.43072916666666666 0.5555555555555556 0.052083333333333336 0.11203703703703703
0 0.2109375 0.7513888888888889 0.034895833333333334 0.06759259259259259
0 0.29765625 0.7078703703703704 0.03802083333333333 0.07685185185185185
0 0.32421875 0.638425925925926 0.0453125 0.09907407407407408
0 0.36875 0.5916666666666667 0.05364583333333333 0.11296296296296296
0 0.3997395833333333 0.6106481481481482 0.04010416666666667 0.07777777777777778
0 0.43333333333333335 0.6606481481481481 0.03958333333333333 0.0712962962962963
0 0.8216145833333334 0.5277777777777778 0.03229166666666667 0.06296296296296296
0 0.3736979166666667 0.4847222222222222 0.058333333333333334 0.11203703703703703
0 0.08828125 0.7208333333333333 0.0390625 0.06388888888888888
0 0.2682291666666667 0.575925925925926 0.049479166666666664 0.08981481481481482
0 0.240625 0.7453703703703703 0.034375 0.06296296296296296
0 0.16744791666666667 0.6601851851851852 0.041666666666666664 0.075
0 0.9044270833333333 0.3990740740740741 0.0484375 0.10092592592592593
0 0.34401041666666665 0.5523148148148148 0.049479166666666664 0.1037037037037037
0 0.3046875 0.6027777777777777 0.04375 0.07314814814814814
0 0.8552083333333333 0.45092592592592595 0.04583333333333333 0.08703703703703704
0 0.20260416666666667 0.5601851851851852 0.050520833333333334 0.0824074074074074
0 0.48828125 0.6148148148148148 0.046875 0.07407407407407407
0 0.24192708333333332 0.6759259259259259 0.035416666666666666 0.08981481481481482
0 0.2890625 0.637962962962963 0.0421875 0.0787037037037037
0 0.4041666666666667 0.6833333333333333 0.03958333333333333 0.08611111111111111
0 0.25416666666666665 0.6203703703703703 0.034895833333333334 0.06574074074074074
0 0.7518229166666667 0.5439814814814815 0.04635416666666667 0.08518518518518518
0 0.8135416666666667 0.4513888888888889 0.044270833333333336 0.08148148148148149
0 0.30546875 0.5444444444444444 0.058333333333333334 0.10092592592592593
0 0.11015625 0.6296296296296297 0.040625 0.0712962962962963
0 0.9369791666666667 0.4263888888888889 0.040625 0.07592592592592592
0 0.83671875 0.5481481481481482 0.0359375 0.07222222222222222
0 0.875 0.4083333333333333 0.04114583333333333 0.09814814814814815
0 0.04635416666666667 0.6837962962962963 0.04479166666666667 0.08055555555555556
0 0.43046875 0.6189814814814815 0.0390625 0.058333333333333334
0 0.328125 0.6953703703703704 0.0359375 0.06481481481481481
0 0.9130208333333333 0.46620370370370373 0.03854166666666667 0.07222222222222222
0 0.23020833333333332 0.5921296296296297 0.049479166666666664 0.1
0 0.89765625 0.5685185185185185 0.044270833333333336 0.0787037037037037
0 0.8455729166666667 0.5143518518518518 0.034375 0.06851851851851852
0 0.178125 0.6967592592592593 0.04739583333333333 0.08888888888888889
0 0.1109375 0.7231481481481481 0.035416666666666666 0.05740740740740741
0 0.8380208333333333 0.4217592592592593 0.035416666666666666 0.07222222222222222
0 0.23958333333333334 0.524074074074074 0.06458333333333334 0.07222222222222222
0 0.78359375 0.47824074074074074 0.051041666666666666 0.09166666666666666
0 0.47265625 0.5574074074074075 0.058333333333333334 0.13240740740740742
0 0.17552083333333332 0.612037037037037 0.0375 0.09444444444444444
0 0.58515625 0.6319444444444444 0.040625 0.06851851851851852
0 0.6192708333333333 0.6240740740740741 0.0359375 0.05740740740740741
0 0.6161458333333333 0.5773148148148148 0.0421875 0.07407407407407407
0 0.17578125 0.7574074074074074 0.034375 0.05648148148148148
0 0.6200520833333333 0.44722222222222224 0.04635416666666667 0.08055555555555556
0 0.14244791666666667 0.7 0.0421875 0.10185185185185185
0 0.6729166666666667 0.4449074074074074 0.0421875 0.06296296296296296
0 0.06536458333333334 0.6259259259259259 0.05260416666666667 0.07962962962962963
0 0.8713541666666667 0.5328703703703703 0.04635416666666667 0.08055555555555556
0 0.11171875 0.562037037037037 0.052083333333333336 0.1
0 0.6200520833333333 0.5347222222222222 0.0453125 0.075
0 0.5466145833333333 0.5939814814814814 0.0375 0.06481481481481481
0 0.8549479166666667 0.36527777777777776 0.0453125 0.08703703703703704
0 0.15651041666666668 0.5638888888888889 0.05 0.08703703703703704
0 0.07994791666666666 0.6712962962962963 0.04375 0.07685185185185185
0 0.6424479166666667 0.47314814814814815 0.04895833333333333 0.0787037037037037
0 0.15104166666666666 0.6305555555555555 0.040625 0.06944444444444445
0 0.9705729166666667 0.4532407407407407 0.03854166666666667 0.06388888888888888
0 0.09739583333333333 0.6541666666666667 0.0453125 0.08055555555555556
0 0.025260416666666667 0.7055555555555556 0.03125 0.06944444444444445
0 0.27682291666666664 0.5189814814814815 0.050520833333333334 0.0712962962962963
0 0.065625 0.537962962962963 0.07135416666666666 0.09351851851851851
0 0.6052083333333333 0.49074074074074076 0.046875 0.07685185185185185
0 0.96875 0.32037037037037036 0.04895833333333333 0.0962962962962963
0 0.6138020833333333 0.6791666666666667 0.04479166666666667 0.05277777777777778
0 0.21380208333333334 0.6560185185185186 0.05260416666666667 0.1037037037037037
0 0.9721354166666667 0.39166666666666666 0.05260416666666667 0.09074074074074075
0 0.6510416666666666 0.40879629629629627 0.041666666666666664 0.07314814814814814
0 0.5778645833333333 0.5513888888888889 0.04791666666666667 0.10185185185185185
0 0.12239583333333333 0.7587962962962963 0.033854166666666664 0.058333333333333334
0 0.5440104166666667 0.6537037037037037 0.041666666666666664 0.09259259259259259
0 0.78828125 0.5435185185185185 0.0484375 0.06944444444444445
0 0.7833333333333333 0.6 0.042708333333333334 0.06759259259259259
0 0.1359375 0.5587962962962963 0.04010416666666667 0.08796296296296297
0 0.6856770833333333 0.6226851851851852 0.04010416666666667 0.06481481481481481
0 0.79375 0.4050925925925926 0.050520833333333334 0.08981481481481482
0 0.5546875 0.5282407407407408 0.05625 0.10833333333333334
0 0.9541666666666667 0.35 0.034895833333333334 0.07685185185185185
0 0.7598958333333333 0.41712962962962963 0.046875 0.1037037037037037
0 0.928125 0.4847222222222222 0.05364583333333333 0.075
0 0.51796875 0.5606481481481481 0.034895833333333334 0.10185185185185185
0 0.8653645833333333 0.5824074074074074 0.0328125 0.06666666666666667
0 0.7205729166666667 0.5712962962962963 0.0390625 0.07685185185185185
0 0.84296875 0.5884259259259259 0.036458333333333336 0.07037037037037037
0 0.8106770833333333 0.5902777777777778 0.030729166666666665 0.0712962962962963
0 0.9901041666666667 0.524537037037037 0.019791666666666666 0.08796296296296297
0 0.7049479166666667 0.43842592592592594 0.03854166666666667 0.06296296296296296
0 0.9984375 0.4875 0.003125 0.05277777777777778
0 0.74609375 0.5912037037037037 0.03958333333333333 0.0712962962962963
0 0.9942708333333333 0.44583333333333336 0.011458333333333333 0.09351851851851851
0 0.028125 0.6393518518518518 0.049479166666666664 0.08888888888888889
0 0.69375 0.5412037037037037 0.0515625 0.09166666666666666
0 0.7278645833333334 0.49166666666666664 0.05572916666666667 0.10648148148148148
0 0.6533854166666667 0.5902777777777778 0.050520833333333334 0.1259259259259259
0 0.265625 0.7037037037037037 0.042708333333333334 0.10555555555555556
0 0.8184895833333333 0.6236111111111111 0.034375 0.05
0 0.7380208333333333 0.6425925925925926 0.04895833333333333 0.06111111111111111
0 0.9822916666666667 0.3300925925925926 0.023958333333333335 0.08518518518518518
0 0.98359375 0.5458333333333333 0.0328125 0.0787037037037037
0 0.571875 0.43333333333333335 0.059375 0.1287037037037037