0 0.5401041666666667 0.350462962962963 0.09947916666666666 0.1638888888888889
0 0.70859375 0.6601851851851852 0.11822916666666666 0.18518518518518517
0 0.60546875 0.6314814814814815 0.08020833333333334 0.1814814814814815
0 0.5239583333333333 0.6060185185185185 0.1328125 0.16296296296296298
0 0.38515625 0.8537037037037037 0.15885416666666666 0.1935185185185185
0 0.5028645833333333 0.8152777777777778 0.16145833333333334 0.24444444444444444
0 0.31354166666666666 0.6370370370370371 0.10052083333333334 0.2074074074074074
0 0.40598958333333335 0.6296296296296297 0.08333333333333333 0.20555555555555555
0 0.8033854166666666 0.6981481481481482 0.0703125 0.2537037037037037
0 0.6572916666666667 0.5046296296296297 0.07552083333333333 0.10833333333333334
0 0.6080729166666666 0.4013888888888889 0.09583333333333334 0.15
0 0.42083333333333334 0.4981481481481482 0.096875 0.14537037037037037
0 0.31875 0.5064814814814815 0.11041666666666666 0.1287037037037037
0 0.42239583333333336 0.3625 0.10260416666666666 0.14074074074074075
0 0.47578125 0.29074074074074074 0.06458333333333334 0.11296296296296296
0 0.35078125 0.39537037037037037 0.1015625 0.11481481481481481
0 0.7489583333333333 0.5287037037037037 0.0765625 0.175
0 0.7177083333333333 0.3814814814814815 0.08072916666666667 0.1388888888888889
0 0.8278645833333333 0.5310185185185186 0.0640625 0.1111111111111111
0 0.8932291666666666 0.6481481481481481 0.09270833333333334 0.16111111111111112
0 0.36223958333333334 0.3074074074074074 0.0796875 0.1175925925925926
0 0.6450520833333333 0.33055555555555555 0.07916666666666666 0.14629629629629629
0 0.25833333333333336 0.3439814814814815 0.09166666666666666 0.1638888888888889
0 0.38776041666666666 0.16574074074074074 0.06354166666666666 0.1037037037037037
0 0.5723958333333333 0.2740740740740741 0.07447916666666667 0.13425925925925927
0 0.4265625 0.27361111111111114 0.0734375 0.11574074074074074
0 0.3776041666666667 0.2351851851851852 0.06875 0.1259259259259259
0 0.5932291666666667 0.15 0.06458333333333334 0.1037037037037037
0 0.7705729166666667 0.32916666666666666 0.0546875 0.11018518518518519
0 0.325 0.26435185185185184 0.06197916666666667 0.0824074074074074
0 0.5184895833333333 0.2412037037037037 0.06510416666666667 0.11296296296296296
0 0.8216145833333334 0.2814814814814815 0.08229166666666667 0.16111111111111112
0 0.49140625 0.4791666666666667 0.10104166666666667 0.21203703703703702
0 0.5 0.19907407407407407 0.053125 0.07962962962962963
0 0.6408854166666667 0.20787037037037037 0.06822916666666666 0.0962962962962963
0 0.8177083333333334 0.44027777777777777 0.058333333333333334 0.11481481481481481
0 0.7690104166666667 0.1912037037037037 0.06510416666666667 0.09814814814814815
0 0.4986979166666667 0.1439814814814815 0.0578125 0.09166666666666666
0 0.10729166666666666 0.4726851851851852 0.0890625 0.2064814814814815
0 0.7184895833333333 0.18055555555555555 0.06927083333333334 0.09351851851851851
0 0.3450520833333333 0.12037037037037036 0.057291666666666664 0.12222222222222222
0 0.3841145833333333 0.10972222222222222 0.049479166666666664 0.08055555555555556
0 0.7153645833333333 0.25787037037037036 0.07708333333333334 0.1259259259259259
0 0.5369791666666667 0.15694444444444444 0.050520833333333334 0.0824074074074074
0 0.19296875 0.4935185185185185 0.14375 0.23796296296296296
0 0.2872395833333333 0.13518518518518519 0.06302083333333333 0.08703703703703704
0 0.4393229166666667 0.16620370370370371 0.059895833333333336 0.09259259259259259
0 0.6471354166666666 0.2518518518518518 0.0671875 0.08703703703703704
0 0.4510416666666667 0.20046296296296295 0.058333333333333334 0.08425925925925926
0 0.58828125 0.20972222222222223 0.051041666666666666 0.08518518518518518
0 0.7700520833333333 0.44351851851851853 0.0734375 0.125
0 0.65 0.1699074074074074 0.0609375 0.08425925925925926
0 0.19791666666666666 0.28888888888888886 0.05364583333333333 0.0962962962962963
0 0.16015625 0.36712962962962964 0.0734375 0.12129629629629629