0 0.553125 0.5236111111111111 0.04791666666666667 0.09351851851851851
0 0.2635416666666667 0.49722222222222223 0.030729166666666665 0.06759259259259259
0 0.7466145833333333 0.49537037037037035 0.0375 0.05185185185185185
0 0.7229166666666667 0.5453703703703704 0.0390625 0.05740740740740741
0 0.5403645833333334 0.5699074074074074 0.041666666666666664 0.06574074074074074
0 0.1421875 0.5513888888888889 0.03125 0.06018518518518518
0 0.2953125 0.4875 0.03958333333333333 0.075
0 0.11614583333333334 0.5412037037037037 0.03125 0.05740740740740741
0 0.5088541666666667 0.5027777777777778 0.04583333333333333 0.09166666666666666
0 0.7552083333333334 0.5527777777777778 0.03802083333333333 0.07314814814814814
0 0.171875 0.5356481481481481 0.0375 0.0787037037037037
0 0.190625 0.5652777777777778 0.0328125 0.07962962962962963
0 0.40572916666666664 0.4736111111111111 0.0421875 0.09814814814814815
0 0.47708333333333336 0.5944444444444444 0.0296875 0.06296296296296296
0 0.21484375 0.537962962962963 0.041666666666666664 0.08703703703703704
0 0.7208333333333333 0.586574074074074 0.0296875 0.053703703703703705
0 0.6768229166666667 0.45740740740740743 0.04010416666666667 0.05925925925925926
0 0.35104166666666664 0.5069444444444444 0.036458333333333336 0.08796296296296297
0 0.7817708333333333 0.5731481481481482 0.03177083333333333 0.06481481481481481
0 0.7419270833333333 0.4444444444444444 0.043229166666666666 0.0712962962962963
0 0.16015625 0.4981481481481482 0.040625 0.07407407407407407
0 0.3927083333333333 0.5518518518518518 0.0328125 0.07407407407407407
0 0.17109375 0.5875 0.022916666666666665 0.04722222222222222
0 0.9908854166666666 0.5453703703703704 0.018229166666666668 0.06851851851851852
0 0.5395833333333333 0.45555555555555555 0.049479166666666664 0.0787037037037037
0 0.5830729166666667 0.4708333333333333 0.034375 0.06388888888888888
0 0.425 0.6222222222222222 0.030729166666666665 0.07222222222222222
0 0.5815104166666667 0.5736111111111111 0.03854166666666667 0.07685185185185185
0 0.215625 0.6217592592592592 0.026041666666666668 0.03981481481481482
0 0.7739583333333333 0.5125 0.0328125 0.07592592592592592
0 0.37994791666666666 0.4898148148148148 0.036458333333333336 0.08611111111111111
0 0.8098958333333334 0.5375 0.03958333333333333 0.08425925925925926
0 0.8268229166666666 0.5953703703703703 0.030208333333333334 0.053703703703703705
0 0.28489583333333335 0.5657407407407408 0.03854166666666667 0.06296296296296296
0 0.8697916666666666 0.6125 0.03177083333333333 0.0712962962962963
0 0.12838541666666667 0.6046296296296296 0.035416666666666666 0.058333333333333334
0 0.9861979166666667 0.5083333333333333 0.027604166666666666 0.07777777777777778
0 0.30078125 0.40694444444444444 0.05520833333333333 0.08611111111111111
0 0.8950520833333333 0.6328703703703704 0.029166666666666667 0.06481481481481481
0 0.6083333333333333 0.5259259259259259 0.04739583333333333 0.08981481481481482
0 0.46875 0.524074074074074 0.0390625 0.0787037037037037
0 0.22057291666666667 0.5888888888888889 0.03333333333333333 0.058333333333333334
0 0.5919270833333333 0.6592592592592592 0.027083333333333334 0.05740740740740741
0 0.18854166666666666 0.6152777777777778 0.0265625 0.03888888888888889
0 0.31744791666666666 0.4486111111111111 0.036458333333333336 0.06759259259259259
0 0.26510416666666664 0.43472222222222223 0.036458333333333336 0.06851851851851852
0 0.5098958333333333 0.5430555555555555 0.03697916666666667 0.06759259259259259
0 0.7106770833333333 0.4115740740740741 0.033854166666666664 0.05925925925925926
0 0.14661458333333333 0.6291666666666667 0.0328125 0.05740740740740741
0 0.61484375 0.6212962962962963 0.027604166666666666 0.058333333333333334
0 0.10598958333333333 0.5912037037037037 0.03177083333333333 0.05740740740740741
0 0.73828125 0.6305555555555555 0.034375 0.062037037037037036
0 0.77578125 0.4513888888888889 0.030208333333333334 0.06388888888888888
0 0.5200520833333333 0.6018518518518519 0.041666666666666664 0.06759259259259259
0 0.7114583333333333 0.4773148148148148 0.044270833333333336 0.07407407407407407
0 0.909375 0.5569444444444445 0.027604166666666666 0.05648148148148148
0 0.70703125 0.6125 0.0359375 0.08888888888888889
0 0.5427083333333333 0.6759259259259259 0.034895833333333334 0.06018518518518518
0 0.9703125 0.48055555555555557 0.0421875 0.08518518518518518
0 0.5708333333333333 0.6916666666666667 0.029166666666666667 0.058333333333333334
0 0.2421875 0.6810185185185185 0.03177083333333333 0.06944444444444445
0 0.15390625 0.5925925925925926 0.019791666666666666 0.03981481481481482
0 0.9385416666666667 0.4305555555555556 0.057291666666666664 0.08425925925925926
0 0.8591145833333333 0.5236111111111111 0.04010416666666667 0.1111111111111111
0 0.890625 0.5087962962962963 0.04114583333333333 0.10648148148148148
0 0.5020833333333333 0.6560185185185186 0.0453125 0.07314814814814814
0 0.9708333333333333 0.5523148148148148 0.036458333333333336 0.0824074074074074
0 0.18854166666666666 0.675 0.0234375 0.058333333333333334
0 0.17005208333333333 0.6175925925925926 0.021354166666666667 0.04259259259259259
0 0.9408854166666667 0.5254629629629629 0.03802083333333333 0.09907407407407408
0 0.5640625 0.6425925925925926 0.03854166666666667 0.05925925925925926
0 0.6653645833333334 0.4842592592592593 0.0421875 0.06851851851851852
0 0.07005208333333333 0.5060185185185185 0.040625 0.08333333333333333
0 0.4401041666666667 0.4791666666666667 0.04114583333333333 0.10833333333333334
0 0.14609375 0.45740740740740743 0.0421875 0.07037037037037037
0 0.9877604166666667 0.46620370370370373 0.024479166666666666 0.0787037037037037
0 0.1078125 0.48055555555555557 0.044270833333333336 0.08148148148148149
0 0.08567708333333333 0.6300925925925925 0.034895833333333334 0.06388888888888888
0 0.7643229166666666 0.6458333333333334 0.030208333333333334 0.07037037037037037
0 0.9138020833333333 0.4689814814814815 0.052083333333333336 0.11388888888888889
0 0.6174479166666667 0.6662037037037037 0.030208333333333334 0.05462962962962963
0 0.36302083333333335 0.6615740740740741 0.0421875 0.08611111111111111
0 0.040625 0.5083333333333333 0.03697916666666667 0.08425925925925926
0 0.4630208333333333 0.425 0.0390625 0.09259259259259259
0 0.44557291666666665 0.674074074074074 0.034895833333333334 0.06296296296296296
0 0.6760416666666667 0.39861111111111114 0.03854166666666667 0.08703703703703704
0 0.16875 0.6523148148148148 0.026041666666666668 0.044444444444444446
0 0.646875 0.5740740740740741 0.04895833333333333 0.09814814814814815
0 0.015885416666666666 0.5925925925925926 0.030208333333333334 0.06018518518518518
0 0.30546875 0.649074074074074 0.034375 0.08611111111111111
0 0.71875 0.6861111111111111 0.034375 0.03888888888888889
0 0.0203125 0.5162037037037037 0.040625 0.10648148148148148