0 0.40651041666666665 0.5555555555555556 0.040625 0.06851851851851852
0 0.553125 0.4398148148148148 0.051041666666666666 0.07962962962962963
0 0.4473958333333333 0.5467592592592593 0.04895833333333333 0.08148148148148149
0 0.6572916666666667 0.4078703703703704 0.041666666666666664 0.06851851851851852
0 0.48723958333333334 0.637962962962963 0.03958333333333333 0.06111111111111111
0 0.5033854166666667 0.4412037037037037 0.03958333333333333 0.06944444444444445
0 0.53515625 0.5828703703703704 0.0359375 0.06574074074074074
0 0.4700520833333333 0.5949074074074074 0.035416666666666666 0.06481481481481481
0 0.47213541666666664 0.4513888888888889 0.03854166666666667 0.06759259259259259
0 0.58125 0.37962962962962965 0.0515625 0.07407407407407407
0 0.46432291666666664 0.5046296296296297 0.0359375 0.06481481481481481
0 0.60625 0.4462962962962963 0.05416666666666667 0.10833333333333334
0 0.5955729166666667 0.6263888888888889 0.035416666666666666 0.04814814814814815
0 0.5791666666666667 0.562037037037037 0.036458333333333336 0.053703703703703705
0 0.6528645833333333 0.5393518518518519 0.03697916666666667 0.06388888888888888
0 0.5890625 0.5212962962962963 0.042708333333333334 0.075
0 0.48932291666666666 0.5032407407407408 0.036458333333333336 0.08148148148148149
0 0.4354166666666667 0.6023148148148149 0.033854166666666664 0.05740740740740741
0 0.63125 0.5814814814814815 0.0390625 0.06851851851851852
0 0.45729166666666665 0.6319444444444444 0.027604166666666666 0.04537037037037037
0 0.5057291666666667 0.5810185185185185 0.03958333333333333 0.07962962962962963
0 0.8828125 0.4810185185185185 0.042708333333333334 0.06574074074074074
0 0.7583333333333333 0.5689814814814815 0.04583333333333333 0.08055555555555556
0 0.9260416666666667 0.45231481481481484 0.04791666666666667 0.07407407407407407
0 0.8140625 0.5287037037037037 0.05 0.06944444444444445
0 0.8408854166666667 0.46620370370370373 0.05625 0.08425925925925926
0 0.5510416666666667 0.5236111111111111 0.0484375 0.08981481481481482
0 0.93984375 0.5277777777777778 0.044270833333333336 0.08148148148148149
0 0.60703125 0.48564814814814816 0.0375 0.05740740740740741
0 0.6325520833333333 0.6138888888888889 0.03333333333333333 0.044444444444444446
0 0.4125 0.49074074074074076 0.050520833333333334 0.08796296296296297
0 0.8549479166666667 0.5300925925925926 0.04583333333333333 0.07037037037037037
0 0.6390625 0.4601851851851852 0.041666666666666664 0.10092592592592593
0 0.56171875 0.6240740740740741 0.03697916666666667 0.0787037037037037
0 0.6802083333333333 0.46805555555555556 0.0421875 0.05925925925925926
0 0.8247395833333333 0.5592592592592592 0.03854166666666667 0.053703703703703705
0 0.8643229166666667 0.5935185185185186 0.051041666666666666 0.08055555555555556
0 0.8026041666666667 0.611574074074074 0.03958333333333333 0.07222222222222222
0 0.4359375 0.4666666666666667 0.04791666666666667 0.08796296296296297
0 0.6674479166666667 0.5148148148148148 0.04010416666666667 0.058333333333333334
0 0.5377604166666666 0.38796296296296295 0.04010416666666667 0.09722222222222222
0 0.68828125 0.5412037037037037 0.04375 0.0712962962962963
0 0.83828125 0.3851851851851852 0.052083333333333336 0.10925925925925926
0 0.7908854166666667 0.5592592592592592 0.0390625 0.05740740740740741
0 0.528125 0.6550925925925926 0.03697916666666667 0.08148148148148149
0 0.25807291666666665 0.6087962962962963 0.040625 0.06759259259259259
0 0.8434895833333333 0.6263888888888889 0.034375 0.06851851851851852
0 0.16302083333333334 0.4212962962962963 0.04114583333333333 0.08796296296296297
0 0.19036458333333334 0.4356481481481482 0.03854166666666667 0.08055555555555556
0 0.21432291666666667 0.6222222222222222 0.0359375 0.044444444444444446
0 0.9596354166666666 0.4773148148148148 0.0484375 0.08611111111111111
0 0.37734375 0.5162037037037037 0.03958333333333333 0.08518518518518518
0 0.21536458333333333 0.4199074074074074 0.04010416666666667 0.08703703703703704
0 0.16744791666666667 0.4726851851851852 0.034895833333333334 0.06759259259259259
0 0.28411458333333334 0.5722222222222222 0.034895833333333334 0.08148148148148149
0 0.17916666666666667 0.5143518518518518 0.03854166666666667 0.07314814814814814
0 0.13385416666666666 0.47453703703703703 0.0453125 0.08055555555555556
0 0.81015625 0.4527777777777778 0.0484375 0.06759259259259259
0 0.05911458333333333 0.4152777777777778 0.0390625 0.062037037037037036
0 0.61484375 0.5412037037037037 0.036458333333333336 0.08333333333333333
0 0.20729166666666668 0.4981481481481482 0.0421875 0.07777777777777778
0 0.9013020833333333 0.600462962962963 0.034895833333333334 0.05555555555555555
0 0.76171875 0.6018518518518519 0.028645833333333332 0.05648148148148148
0 0.090625 0.4375 0.040625 0.06759259259259259
0 0.7046875 0.513425925925926 0.0578125 0.09351851851851851
0 0.9700520833333334 0.2740740740740741 0.059895833333333336 0.09259259259259259
0 0.9927083333333333 0.3425925925925926 0.014583333333333334 0.08333333333333333
0 0.7947916666666667 0.39166666666666666 0.06927083333333334 0.125
0 0.6973958333333333 0.40925925925925927 0.06614583333333333 0.11481481481481481
0 0.1640625 0.5819444444444445 0.034375 0.07407407407407407
0 0.8729166666666667 0.41064814814814815 0.05625 0.12777777777777777
0 0.7190104166666667 0.5925925925925926 0.052083333333333336 0.11018518518518519
0 0.2765625 0.46620370370370373 0.041666666666666664 0.09907407407407408
0 0.25729166666666664 0.5458333333333333 0.05 0.08888888888888889
0 0.03802083333333333 0.3625 0.0390625 0.06388888888888888
0 0.24427083333333333 0.4824074074074074 0.03958333333333333 0.07962962962962963
0 0.05677083333333333 0.3800925925925926 0.042708333333333334 0.07407407407407407
0 0.3059895833333333 0.5560185185185185 0.04479166666666667 0.1111111111111111
0 0.13463541666666667 0.3861111111111111 0.05260416666666667 0.11481481481481481
0 0.9903645833333333 0.41898148148148145 0.019270833333333334 0.07314814814814814
0 0.10755208333333334 0.5342592592592592 0.036458333333333336 0.07685185185185185
0 0.29583333333333334 0.625 0.040625 0.05185185185185185
0 0.3234375 0.5773148148148148 0.034895833333333334 0.08148148148148149
0 0.25052083333333336 0.4064814814814815 0.044270833333333336 0.11203703703703703
0 0.9057291666666667 0.375 0.08177083333333333 0.12962962962962962
0 0.22473958333333333 0.48842592592592593 0.03697916666666667 0.07962962962962963
0 0.22161458333333334 0.575 0.03802083333333333 0.09537037037037037
0 0.9630208333333333 0.5634259259259259 0.04010416666666667 0.08518518518518518
0 0.45859375 0.41944444444444445 0.052083333333333336 0.1037037037037037
0 0.9875 0.549074074074074 0.025 0.09814814814814815
0 0.7622395833333333 0.5106481481481482 0.0640625 0.13148148148148148
0 0.0984375 0.39861111111111114 0.040625 0.06481481481481481
0 0.18619791666666666 0.586574074074074 0.035416666666666666 0.075
0 0.10104166666666667 0.48518518518518516 0.022916666666666665 0.05648148148148148
0 0.3328125 0.6162037037037037 0.04114583333333333 0.07685185185185185