0 0.35 0.9236111111111112 0.09947916666666666 0.1287037037037037
0 0.49322916666666666 0.7907407407407407 0.09791666666666667 0.14537037037037037
0 0.5815104166666667 0.8967592592592593 0.07604166666666666 0.125
0 0.6432291666666666 0.8865740740740741 0.0734375 0.1638888888888889
0 0.603125 0.7833333333333333 0.07083333333333333 0.12314814814814815
0 0.5018229166666667 0.8629629629629629 0.0765625 0.13333333333333333
0 0.42109375 0.9101851851851852 0.0796875 0.13703703703703704
0 0.40859375 0.7833333333333333 0.08697916666666666 0.11018518518518519
0 0.340625 0.8236111111111111 0.0703125 0.11018518518518519
0 0.42239583333333336 0.6935185185185185 0.07708333333333334 0.09722222222222222
0 0.49609375 0.6666666666666666 0.084375 0.1259259259259259
0 0.5609375 0.7106481481481481 0.058333333333333334 0.10648148148148148
0 0.7419270833333333 0.8875 0.07916666666666666 0.14814814814814814
0 0.7895833333333333 0.85 0.07135416666666666 0.13240740740740742
0 0.6697916666666667 0.7731481481481481 0.08958333333333333 0.14351851851851852
0 0.6513020833333333 0.6657407407407407 0.07760416666666667 0.10555555555555556
0 0.5877604166666667 0.6375 0.0625 0.09074074074074075
0 0.35546875 0.6583333333333333 0.041666666666666664 0.09166666666666666
0 0.4075520833333333 0.6046296296296296 0.05416666666666667 0.09351851851851851
0 0.4515625 0.6203703703703703 0.03229166666666667 0.08518518518518518
0 0.4283854166666667 0.5481481481481482 0.052083333333333336 0.06574074074074074
0 0.409375 0.5037037037037037 0.0328125 0.04537037037037037
0 0.3606770833333333 0.5685185185185185 0.059895833333333336 0.0787037037037037
0 0.7260416666666667 0.6819444444444445 0.041666666666666664 0.08611111111111111
0 0.7395833333333334 0.7583333333333333 0.059895833333333336 0.0787037037037037
0 0.6927083333333334 0.6898148148148148 0.0453125 0.09722222222222222
0 0.5278645833333333 0.5902777777777778 0.0484375 0.09814814814814815