0 0.5421875 0.8962962962962963 0.04479166666666667 0.07777777777777778
0 0.2520833333333333 0.9305555555555556 0.03333333333333333 0.07592592592592592
0 0.33645833333333336 0.8907407407407407 0.04635416666666667 0.07407407407407407
0 0.321875 0.9333333333333333 0.042708333333333334 0.07314814814814814
0 0.5533854166666666 0.787962962962963 0.0328125 0.05555555555555555
0 0.3770833333333333 0.8634259259259259 0.0359375 0.06666666666666667
0 0.2203125 0.913425925925926 0.03697916666666667 0.05925925925925926
0 0.6846354166666667 0.7060185185185185 0.03697916666666667 0.07777777777777778
0 0.6466145833333333 0.6513888888888889 0.0328125 0.06851851851851852
0 0.3580729166666667 0.9662037037037037 0.04635416666666667 0.06759259259259259
0 0.5638020833333334 0.9217592592592593 0.059375 0.08148148148148149
0 0.26796875 0.874537037037037 0.03229166666666667 0.06759259259259259
0 0.4122395833333333 0.9550925925925926 0.0578125 0.08981481481481482
0 0.5546875 0.8375 0.042708333333333334 0.08055555555555556
0 0.5809895833333333 0.7708333333333334 0.03333333333333333 0.06111111111111111
0 0.3533854166666667 0.9324074074074075 0.0375 0.05925925925925926
0 0.6309895833333333 0.7046296296296296 0.0453125 0.09166666666666666
0 0.6479166666666667 0.6092592592592593 0.028125 0.05648148148148148
0 0.39505208333333336 0.7615740740740741 0.03854166666666667 0.0787037037037037
0 0.7033854166666667 0.7236111111111111 0.04583333333333333 0.07037037037037037
0 0.63359375 0.5518518518518518 0.0359375 0.06111111111111111
0 0.2838541666666667 0.95 0.043229166666666666 0.07222222222222222
0 0.69296875 0.6296296296296297 0.033854166666666664 0.06666666666666667
0 0.3140625 0.9699074074074074 0.05520833333333333 0.06018518518518518
0 0.61875 0.5796296296296296 0.034375 0.07592592592592592
0 0.384375 0.937037037037037 0.0375 0.07037037037037037
0 0.22682291666666668 0.9597222222222223 0.0640625 0.08055555555555556
0 0.6796875 0.6083333333333333 0.027604166666666666 0.06574074074074074
0 0.4158854166666667 0.8078703703703703 0.03333333333333333 0.07592592592592592
0 0.6067708333333334 0.8384259259259259 0.03125 0.05648148148148148
0 0.70390625 0.6759259259259259 0.034375 0.06388888888888888
0 0.29609375 0.8666666666666667 0.041666666666666664 0.06759259259259259
0 0.6205729166666667 0.6231481481481481 0.028125 0.049074074074074076
0 0.5908854166666667 0.8699074074074075 0.04375 0.07777777777777778
0 0.6671875 0.6768518518518518 0.035416666666666666 0.08148148148148149
0 0.51640625 0.8148148148148148 0.03125 0.06666666666666667
0 0.6638020833333333 0.6222222222222222 0.027083333333333334 0.05648148148148148
0 0.7380208333333333 0.6828703703703703 0.04791666666666667 0.10185185185185185
0 0.46848958333333335 0.9152777777777777 0.04479166666666667 0.08611111111111111
0 0.6184895833333334 0.6643518518518519 0.034895833333333334 0.06574074074074074
0 0.24140625 0.8689814814814815 0.0359375 0.06759259259259259
0 0.14713541666666666 0.9712962962962963 0.03697916666666667 0.05740740740740741
0 0.49661458333333336 0.762962962962963 0.033854166666666664 0.05740740740740741
0 0.7229166666666667 0.6189814814814815 0.033854166666666664 0.06574074074074074
0 0.7442708333333333 0.5958333333333333 0.03125 0.058333333333333334
0 0.5838541666666667 0.8032407407407407 0.0359375 0.07592592592592592
0 0.47734375 0.7087962962962963 0.0390625 0.08796296296296297
0 0.48828125 0.8731481481481481 0.040625 0.08796296296296297
0 0.17447916666666666 0.9666666666666667 0.03958333333333333 0.06666666666666667
0 0.15963541666666667 0.9037037037037037 0.036458333333333336 0.053703703703703705
0 0.271875 0.9800925925925926 0.059375 0.03981481481481482
0 0.12473958333333333 0.9648148148148148 0.033854166666666664 0.07037037037037037
0 0.8213541666666667 0.5439814814814815 0.028645833333333332 0.06944444444444445
0 0.19375 0.9097222222222222 0.03125 0.05185185185185185
0 0.75 0.6430555555555556 0.0328125 0.0787037037037037
0 0.140625 0.9273148148148148 0.034895833333333334 0.058333333333333334
0 0.4197916666666667 0.7462962962962963 0.043229166666666666 0.0824074074074074
0 0.34791666666666665 0.8171296296296297 0.0390625 0.07222222222222222
0 0.5533854166666666 0.7527777777777778 0.03958333333333333 0.07314814814814814
0 0.7809895833333333 0.5402777777777777 0.0296875 0.05555555555555555
0 0.77109375 0.6055555555555555 0.03697916666666667 0.0712962962962963
0 0.72421875 0.5523148148148148 0.0328125 0.06481481481481481
0 0.50234375 0.6981481481481482 0.041666666666666664 0.08518518518518518