0 0.54921875 0.2375 0.05364583333333333 0.09351851851851851
0 0.46770833333333334 0.2611111111111111 0.05625 0.11388888888888889
0 0.5078125 0.2611111111111111 0.05625 0.1175925925925926
0 0.42864583333333334 0.2875 0.057291666666666664 0.10925925925925926
0 0.634375 0.1699074074074074 0.0640625 0.1111111111111111
0 0.5671875 0.32731481481481484 0.05416666666666667 0.11203703703703703
0 0.528125 0.32916666666666666 0.05572916666666667 0.11574074074074074
0 0.6643229166666667 0.18518518518518517 0.06510416666666667 0.11388888888888889
0 0.48046875 0.4064814814814815 0.0640625 0.11296296296296296
0 0.6216145833333333 0.25972222222222224 0.059375 0.10925925925925926
0 0.4671875 0.3277777777777778 0.05260416666666667 0.10185185185185185
0 0.4161458333333333 0.3527777777777778 0.0515625 0.10740740740740741
0 0.49895833333333334 0.3398148148148148 0.04791666666666667 0.09814814814814815
0 0.7315104166666667 0.0912037037037037 0.058333333333333334 0.09907407407407408
0 0.70234375 0.11712962962962963 0.059375 0.1037037037037037
0 0.10260416666666666 0.41759259259259257 0.06041666666666667 0.09259259259259259
0 0.5427083333333333 0.425 0.052083333333333336 0.12129629629629629
0 0.6411458333333333 0.399537037037037 0.05364583333333333 0.1
0 0.6833333333333333 0.2657407407407407 0.04583333333333333 0.09074074074074075
0 0.6104166666666667 0.3875 0.03958333333333333 0.0824074074074074
0 0.43723958333333335 0.4486111111111111 0.0625 0.12962962962962962
0 0.6520833333333333 0.2763888888888889 0.050520833333333334 0.09722222222222222
0 0.10989583333333333 0.5 0.07239583333333334 0.11944444444444445
0 0.6583333333333333 0.32546296296296295 0.052083333333333336 0.0962962962962963
0 0.7158854166666667 0.1648148148148148 0.049479166666666664 0.08611111111111111
0 0.06432291666666666 0.4722222222222222 0.06302083333333333 0.10277777777777777
0 0.5885416666666666 0.18796296296296297 0.051041666666666666 0.1175925925925926
0 0.22265625 0.4986111111111111 0.0609375 0.0962962962962963
0 0.14817708333333332 0.46111111111111114 0.04583333333333333 0.07962962962962963
0 0.63203125 0.33101851851851855 0.042708333333333334 0.0824074074074074
0 0.18385416666666668 0.5305555555555556 0.0546875 0.1
0 0.3450520833333333 0.47638888888888886 0.044270833333333336 0.10740740740740741
0 0.1421875 0.40555555555555556 0.04791666666666667 0.1
0 0.4765625 0.46111111111111114 0.04635416666666667 0.08148148148148149
0 0.3671875 0.47824074074074074 0.0421875 0.11203703703703703
0 0.07161458333333333 0.525 0.04791666666666667 0.07685185185185185
0 0.6091145833333333 0.31203703703703706 0.04635416666666667 0.08888888888888889
0 0.3216145833333333 0.4388888888888889 0.04583333333333333 0.09814814814814815
0 0.3 0.48657407407407405 0.05416666666666667 0.10185185185185185
0 0.23177083333333334 0.5509259259259259 0.0546875 0.09074074074074075
0 0.17682291666666666 0.4203703703703704 0.06666666666666667 0.14166666666666666
0 0.678125 0.34814814814814815 0.041666666666666664 0.07222222222222222
0 0.6986979166666667 0.3287037037037037 0.043229166666666666 0.07592592592592592
0 0.4375 0.48657407407407405 0.0421875 0.06759259259259259
0 0.03697916666666667 0.5018518518518519 0.0421875 0.075
0 0.275 0.512962962962963 0.05520833333333333 0.09074074074074075
0 0.20651041666666667 0.41759259259259257 0.06927083333333334 0.13333333333333333
0 0.5221354166666666 0.49212962962962964 0.046875 0.07592592592592592
0 0.16145833333333334 0.5194444444444445 0.06145833333333333 0.10555555555555556
0 0.06822916666666666 0.5861111111111111 0.049479166666666664 0.07777777777777778
0 0.47994791666666664 0.49675925925925923 0.04583333333333333 0.0712962962962963
0 0.59765625 0.4532407407407407 0.0546875 0.07407407407407407
0 0.6002604166666666 0.34305555555555556 0.042708333333333334 0.08796296296296297
0 0.23958333333333334 0.44305555555555554 0.057291666666666664 0.09722222222222222
0 0.05625 0.6402777777777777 0.04791666666666667 0.08888888888888889
0 0.27786458333333336 0.44166666666666665 0.059895833333333336 0.10185185185185185
0 0.022135416666666668 0.6407407407407407 0.040625 0.08148148148148149
0 0.10572916666666667 0.5925925925925926 0.05260416666666667 0.07777777777777778
0 0.038802083333333334 0.600925925925926 0.07760416666666667 0.1425925925925926
0 0.34140625 0.5356481481481481 0.0421875 0.08518518518518518
0 0.3015625 0.5995370370370371 0.04010416666666667 0.06851851851851852
0 0.034375 0.6949074074074074 0.05 0.08425925925925926
0 0.1796875 0.5722222222222222 0.03958333333333333 0.06388888888888888
0 0.3328125 0.5717592592592593 0.03125 0.06388888888888888
0 0.21458333333333332 0.6194444444444445 0.03697916666666667 0.06666666666666667
0 0.5158854166666667 0.4537037037037037 0.07395833333333333 0.14907407407407408
0 0.18359375 0.6194444444444445 0.0421875 0.06574074074074074
0 0.10416666666666667 0.6472222222222223 0.065625 0.11388888888888889
0 0.2955729166666667 0.549074074074074 0.059375 0.08425925925925926
0 0.24114583333333334 0.6175925925925926 0.03697916666666667 0.06481481481481481
0 0.008854166666666666 0.5226851851851851 0.017708333333333333 0.11203703703703703
0 0.1625 0.6277777777777778 0.03854166666666667 0.06018518518518518