0 0.5325520833333334 0.3449074074074074 0.09296875 0.14953703703703702
0 0.715625 0.6273148148148148 0.11015625 0.16805555555555557
0 0.6114583333333333 0.6148148148148148 0.07213541666666666 0.1712962962962963
0 0.5291666666666667 0.6018518518518519 0.12578125 0.1449074074074074
0 0.40286458333333336 0.8703703703703703 0.15104166666666666 0.1699074074074074
0 0.5182291666666666 0.8134259259259259 0.15104166666666666 0.2222222222222222
0 0.32083333333333336 0.6652777777777777 0.09114583333333333 0.19444444444444445
0 0.4127604166666667 0.6435185185185185 0.07369791666666667 0.19444444444444445
0 0.8119791666666667 0.6504629629629629 0.05807291666666667 0.24537037037037038
0 0.65703125 0.48009259259259257 0.07109375 0.09861111111111111
0 0.6028645833333334 0.3851851851851852 0.08932291666666667 0.1375
0 0.42109375 0.5101851851851852 0.09036458333333333 0.1310185185185185
0 0.31979166666666664 0.5347222222222222 0.10494791666666667 0.1125
0 0.4158854166666667 0.375 0.09713541666666667 0.12638888888888888
0 0.465625 0.2953703703703704 0.059895833333333336 0.10324074074074074
0 0.3463541666666667 0.41898148148148145 0.09713541666666667 0.10046296296296296
0 0.7494791666666667 0.4898148148148148 0.06848958333333334 0.16527777777777777
0 0.7109375 0.34814814814814815 0.07473958333333333 0.12824074074074074
0 0.828125 0.48009259259259257 0.05911458333333333 0.10185185185185185
0 0.8989583333333333 0.586574074074074 0.0859375 0.14814814814814814
0 0.3533854166666667 0.3296296296296296 0.07473958333333333 0.10648148148148148
0 0.6361979166666667 0.3087962962962963 0.07291666666666667 0.13564814814814816
0 0.2515625 0.3819444444444444 0.084375 0.15138888888888888
0 0.371875 0.18425925925925926 0.05911458333333333 0.09398148148148149
0 0.5609375 0.2638888888888889 0.06875 0.12453703703703704
0 0.415625 0.28564814814814815 0.06848958333333334 0.1050925925925926
0 0.3651041666666667 0.2550925925925926 0.06302083333333333 0.11666666666666667
0 0.57578125 0.13703703703703704 0.06067708333333333 0.09444444444444444
0 0.7611979166666667 0.287962962962963 0.05026041666666667 0.10277777777777777
0 0.3140625 0.29259259259259257 0.05859375 0.07407407407407407
0 0.5057291666666667 0.23935185185185184 0.06015625 0.10324074074074074
0 0.8096354166666667 0.2324074074074074 0.07526041666666666 0.14953703703703702
0 0.4903645833333333 0.48055555555555557 0.09166666666666666 0.19768518518518519
0 0.48515625 0.20046296296296295 0.04973958333333333 0.07222222222222222
0 0.6260416666666667 0.18703703703703703 0.0640625 0.08657407407407407
0 0.8135416666666667 0.3912037037037037 0.05286458333333333 0.10787037037037037
0 0.7528645833333333 0.15092592592592594 0.0609375 0.08935185185185185
0 0.48125 0.14537037037037037 0.05416666666666667 0.08333333333333333
0 0.10755208333333334 0.5337962962962963 0.0796875 0.19490740740740742
0 0.7020833333333333 0.1476851851851852 0.06536458333333334 0.0837962962962963
0 0.32708333333333334 0.14583333333333334 0.052083333333333336 0.11435185185185186
0 0.3653645833333333 0.12916666666666668 0.04609375 0.07407407407407407
0 0.7026041666666667 0.22546296296296298 0.071875 0.11481481481481481
0 0.5200520833333333 0.15231481481481482 0.046875 0.075
0 0.19375 0.5412037037037037 0.13333333333333333 0.21851851851851853
0 0.27005208333333336 0.16944444444444445 0.059375 0.07731481481481481
0 0.4231770833333333 0.17685185185185184 0.05572916666666667 0.08425925925925926
0 0.634375 0.2300925925925926 0.06380208333333333 0.07731481481481481
0 0.43645833333333334 0.20925925925925926 0.0546875 0.07546296296296297
0 0.5736979166666667 0.19722222222222222 0.04739583333333333 0.07777777777777778
0 0.7661458333333333 0.40185185185185185 0.06822916666666666 0.11435185185185186
0 0.6333333333333333 0.1476851851851852 0.05755208333333333 0.07592592592592592
0 0.18880208333333334 0.3365740740740741 0.049479166666666664 0.08935185185185185
0 0.15494791666666666 0.4203703703703704 0.06822916666666666 0.11157407407407408