0 0.3411458333333333 0.7263888888888889 0.05182291666666667 0.06018518518518518
0 0.16614583333333333 0.7587962962962963 0.0515625 0.08425925925925926
0 0.3731770833333333 0.6842592592592592 0.039322916666666666 0.0837962962962963
0 0.3263020833333333 0.6819444444444445 0.04609375 0.06759259259259259
0 0.5361979166666667 0.5875 0.04192708333333333 0.05787037037037037
0 0.46953125 0.5291666666666667 0.03723958333333333 0.08842592592592592
0 0.10703125 0.7467592592592592 0.050520833333333334 0.06620370370370371
0 0.34661458333333334 0.6333333333333333 0.04192708333333333 0.08101851851851852
0 0.5161458333333333 0.5523148148148148 0.03619791666666667 0.07175925925925926
0 0.24010416666666667 0.662962962962963 0.043229166666666666 0.07685185185185185
0 0.2638020833333333 0.6342592592592593 0.03723958333333333 0.08009259259259259
0 0.3848958333333333 0.6101851851851852 0.03333333333333333 0.08148148148148149
0 0.09583333333333334 0.6814814814814815 0.046875 0.0787037037037037
0 0.18489583333333334 0.6976851851851852 0.0578125 0.10092592592592593
0 0.546875 0.5287037037037037 0.03307291666666667 0.06111111111111111
0 0.4046875 0.662962962962963 0.029427083333333333 0.060648148148148145
0 0.3145833333333333 0.4587962962962963 0.033854166666666664 0.07731481481481481
0 0.5830729166666667 0.5537037037037037 0.04609375 0.09953703703703703
0 0.4674479166666667 0.475462962962963 0.03229166666666667 0.05416666666666667
0 0.5098958333333333 0.5083333333333333 0.037760416666666664 0.06805555555555555
0 0.5497395833333333 0.4828703703703704 0.0328125 0.06435185185185185
0 0.38958333333333334 0.5745370370370371 0.0328125 0.06388888888888888
0 0.11302083333333333 0.6305555555555555 0.039322916666666666 0.0587962962962963
0 0.05755208333333333 0.6986111111111111 0.051041666666666666 0.0824074074074074
0 0.58046875 0.49027777777777776 0.03515625 0.06574074074074074
0 0.35520833333333335 0.5768518518518518 0.03229166666666667 0.052314814814814814
0 0.49947916666666664 0.475 0.031510416666666666 0.05787037037037037
0 0.28880208333333335 0.6050925925925926 0.027604166666666666 0.05416666666666667
0 0.52109375 0.45555555555555555 0.028125 0.058333333333333334
0 0.6434895833333333 0.4949074074074074 0.03958333333333333 0.08287037037037037
0 0.32005208333333335 0.5828703703703704 0.02734375 0.055092592592592596
0 0.2981770833333333 0.562037037037037 0.027864583333333335 0.050462962962962966
0 0.6109375 0.5148148148148148 0.0265625 0.06805555555555555
0 0.2015625 0.6217592592592592 0.0359375 0.06435185185185185
0 0.11171875 0.5615740740740741 0.0359375 0.05555555555555555
0 0.13541666666666666 0.5944444444444444 0.03671875 0.062037037037037036
0 0.48020833333333335 0.4425925925925926 0.0296875 0.05648148148148148
0 0.228125 0.6078703703703704 0.03515625 0.06666666666666667
0 0.07708333333333334 0.6365740740740741 0.036458333333333336 0.05648148148148148
0 0.01796875 0.7449074074074075 0.03515625 0.05740740740740741
0 0.15546875 0.6625 0.0328125 0.06620370370370371
0 0.13489583333333333 0.6847222222222222 0.03333333333333333 0.075
0 0.6265625 0.4444444444444444 0.03671875 0.05694444444444444
0 0.32864583333333336 0.5555555555555556 0.028125 0.05416666666666667
0 0.1015625 0.6060185185185185 0.03567708333333333 0.05462962962962963
0 0.02578125 0.6259259259259259 0.0484375 0.0837962962962963
0 0.5098958333333333 0.3699074074074074 0.03723958333333333 0.059722222222222225
0 0.24661458333333333 0.5430555555555555 0.029947916666666668 0.07222222222222222
0 0.22447916666666667 0.5388888888888889 0.029947916666666668 0.07175925925925926
0 0.6127604166666667 0.4726851851851852 0.031510416666666666 0.0587962962962963
0 0.3151041666666667 0.5231481481481481 0.029947916666666668 0.047685185185185185
0 0.49114583333333334 0.39444444444444443 0.029166666666666667 0.07314814814814814
0 0.2203125 0.4828703703703704 0.0359375 0.08009259259259259
0 0.5317708333333333 0.4222222222222222 0.02421875 0.04953703703703704
0 0.5458333333333333 0.4425925925925926 0.025260416666666667 0.049074074074074076
0 0.2015625 0.5412037037037037 0.027864583333333335 0.05648148148148148
0 0.17369791666666667 0.5847222222222223 0.0375 0.06388888888888888
0 0.46380208333333334 0.4101851851851852 0.034375 0.07546296296296297
0 0.17109375 0.5296296296296297 0.03177083333333333 0.06388888888888888
0 0.6059895833333333 0.4166666666666667 0.030208333333333334 0.0587962962962963
0 0.08385416666666666 0.5592592592592592 0.0265625 0.05
0 0.009895833333333333 0.7726851851851851 0.019791666666666666 0.044444444444444446
0 0.5723958333333333 0.4185185185185185 0.027083333333333334 0.05925925925925926
0 0.06015625 0.6041666666666666 0.02578125 0.05740740740740741
0 0.740625 0.4708333333333333 0.030729166666666665 0.06435185185185185
0 0.7114583333333333 0.41435185185185186 0.0296875 0.05416666666666667
0 0.03723958333333333 0.8134259259259259 0.042708333333333334 0.09768518518518518
0 0.11536458333333334 0.5111111111111111 0.03046875 0.06157407407407407
0 0.5489583333333333 0.3819444444444444 0.028645833333333332 0.04861111111111111
0 0.015625 0.812037037037037 0.03125 0.1087962962962963
0 0.06614583333333333 0.5518518518518518 0.030729166666666665 0.05925925925925926
0 0.7182291666666667 0.462037037037037 0.028125 0.08101851851851852
0 0.7627604166666667 0.4638888888888889 0.017708333333333333 0.059722222222222225
0 0.7377604166666667 0.3560185185185185 0.01953125 0.029166666666666667
0 0.6557291666666667 0.3625 0.026302083333333334 0.05925925925925926