0 0.390625 0.6587962962962963 0.11640625 0.2037037037037037
0 0.5799479166666667 0.7601851851851852 0.11458333333333333 0.16203703703703703
0 0.4640625 0.8481481481481481 0.13098958333333333 0.15601851851851853
0 0.5447916666666667 0.45740740740740743 0.08072916666666667 0.15601851851851853
0 0.48125 0.6097222222222223 0.08411458333333334 0.13564814814814816
0 0.5859375 0.5685185185185185 0.06588541666666667 0.08472222222222223
0 0.6783854166666666 0.6027777777777777 0.06328125 0.17731481481481481
0 0.7677083333333333 0.5912037037037037 0.09973958333333334 0.2162037037037037
0 0.70625 0.47453703703703703 0.07552083333333333 0.11574074074074074
0 0.6606770833333333 0.39490740740740743 0.08151041666666667 0.10787037037037037
0 0.5794270833333334 0.325 0.07890625 0.1375
0 0.4557291666666667 0.4699074074074074 0.08854166666666667 0.1375
0 0.38203125 0.4986111111111111 0.07630208333333334 0.1050925925925926
0 0.42265625 0.4134259259259259 0.07630208333333334 0.13287037037037036
0 0.48515625 0.37175925925925923 0.07291666666666667 0.12638888888888888
0 0.8541666666666666 0.5939814814814814 0.078125 0.1726851851851852
0 0.921875 0.5888888888888889 0.07473958333333333 0.16805555555555557
0 0.78984375 0.4875 0.08854166666666667 0.16064814814814815
0 0.7544270833333333 0.35509259259259257 0.08671875 0.1449074074074074
0 0.6802083333333333 0.32731481481481484 0.08776041666666666 0.13287037037037036