0 0.7830729166666667 0.9004629629629629 0.05390625 0.08194444444444444
0 0.7721354166666666 0.7949074074074074 0.05130208333333333 0.07407407407407407
0 0.7296875 0.7601851851851852 0.04244791666666667 0.06342592592592593
0 0.73359375 0.9305555555555556 0.05390625 0.12361111111111112
0 0.6580729166666667 0.9365740740740741 0.08854166666666667 0.12638888888888888
0 0.578125 0.9523148148148148 0.041666666666666664 0.09259259259259259
0 0.5091145833333334 0.9490740740740741 0.07552083333333333 0.07731481481481481
0 0.4393229166666667 0.9611111111111111 0.049479166666666664 0.07777777777777778
0 0.34453125 0.9018518518518519 0.05390625 0.08472222222222223
0 0.4161458333333333 0.8671296296296296 0.05130208333333333 0.07731481481481481
0 0.49140625 0.8532407407407407 0.05911458333333333 0.10185185185185185
0 0.5046875 0.7439814814814815 0.044270833333333336 0.08657407407407407
0 0.46015625 0.7106481481481481 0.036458333333333336 0.0912037037037037
0 0.4239583333333333 0.7675925925925926 0.04244791666666667 0.06018518518518518
0 0.3692708333333333 0.8069444444444445 0.04765625 0.052314814814814814
0 0.3684895833333333 0.7337962962962963 0.03567708333333333 0.05694444444444444
0 0.41354166666666664 0.6912037037037037 0.033854166666666664 0.0587962962962963
0 0.57421875 0.8032407407407407 0.04609375 0.09398148148148149
0 0.6114583333333333 0.8495370370370371 0.05286458333333333 0.0787037037037037
0 0.66796875 0.8393518518518519 0.0546875 0.09259259259259259
0 0.7364583333333333 0.8287037037037037 0.0390625 0.06481481481481481
0 0.690625 0.6976851851851852 0.03567708333333333 0.06805555555555555
0 0.6515625 0.7305555555555555 0.05651041666666667 0.07546296296296297
0 0.58671875 0.7097222222222223 0.03307291666666667 0.043055555555555555
0 0.6364583333333333 0.6268518518518519 0.04479166666666667 0.06620370370370371
0 0.5885416666666666 0.6537037037037037 0.04348958333333333 0.03796296296296296
0 0.5299479166666666 0.6708333333333333 0.04192708333333333 0.06157407407407407
0 0.53828125 0.5930555555555556 0.03463541666666667 0.05185185185185185
0 0.23619791666666667 0.8870370370370371 0.08020833333333334 0.10462962962962963
0 0.4270833333333333 0.6310185185185185 0.04583333333333333 0.0412037037037037
0 0.4309895833333333 0.787962962962963 0.06796875 0.10555555555555556
0 0.603125 0.8777777777777778 0.057291666666666664 0.12916666666666668
0 0.3690104166666667 0.6606481481481481 0.05 0.09907407407407408
0 0.4127604166666667 0.6013888888888889 0.041666666666666664 0.06666666666666667
0 0.45859375 0.5740740740740741 0.04869791666666667 0.07546296296296297
0 0.5825520833333333 0.5847222222222223 0.04479166666666667 0.07361111111111111
0 0.47291666666666665 0.6550925925925926 0.0484375 0.10092592592592593
0 0.37213541666666666 0.600925925925926 0.05078125 0.07916666666666666
0 0.3619791666666667 0.9717592592592592 0.08828125 0.056018518518518516
0 0.3177083333333333 0.6611111111111111 0.06458333333333334 0.09351851851851851
0 0.4908854166666667 0.5879629629629629 0.037760416666666664 0.06296296296296296
0 0.6348958333333333 0.562962962962963 0.048177083333333336 0.07407407407407407
0 0.28489583333333335 0.5606481481481481 0.05520833333333333 0.06018518518518518
0 0.28541666666666665 0.7805555555555556 0.07083333333333333 0.1300925925925926
0 0.2125 0.7041666666666667 0.049479166666666664 0.07453703703703704
0 0.3338541666666667 0.5689814814814815 0.04114583333333333 0.08796296296296297
0 0.24244791666666668 0.7708333333333334 0.05703125 0.13564814814814816