0 0.3515625 0.888425925925926 0.07708333333333334 0.12685185185185185
0 0.51015625 0.8939814814814815 0.05416666666666667 0.12777777777777777
0 0.3463541666666667 0.6916666666666667 0.053125 0.08796296296296297
0 0.40859375 0.6782407407407407 0.04479166666666667 0.09907407407407408
0 0.3765625 0.7189814814814814 0.04114583333333333 0.08518518518518518
0 0.3098958333333333 0.8398148148148148 0.075 0.1398148148148148
0 0.4640625 0.8921296296296296 0.06875 0.12314814814814815
0 0.4041666666666667 0.8092592592592592 0.059895833333333336 0.12777777777777777
0 0.5640625 0.8402777777777778 0.059375 0.11481481481481481
0 0.37109375 0.6347222222222222 0.05520833333333333 0.1037037037037037
0 0.3067708333333333 0.7351851851851852 0.06302083333333333 0.11296296296296296
0 0.40260416666666665 0.9032407407407408 0.053125 0.12314814814814815
0 0.3453125 0.7643518518518518 0.059375 0.10833333333333334
0 0.5536458333333333 0.9305555555555556 0.06822916666666666 0.13518518518518519
0 0.325 0.6606481481481481 0.0421875 0.08148148148148149
0 0.49270833333333336 0.8050925925925926 0.059895833333333336 0.13055555555555556
0 0.2671875 0.8828703703703704 0.06979166666666667 0.11944444444444445
0 0.5510416666666667 0.7523148148148148 0.06458333333333334 0.11481481481481481
0 0.45286458333333335 0.7726851851851851 0.058333333333333334 0.11851851851851852
0 0.41510416666666666 0.7300925925925926 0.05364583333333333 0.09722222222222222
0 0.6229166666666667 0.8574074074074074 0.051041666666666666 0.09444444444444444
0 0.5963541666666666 0.9305555555555556 0.0609375 0.1259259259259259
0 0.42942708333333335 0.6143518518518518 0.04791666666666667 0.0712962962962963
0 0.3776041666666667 0.7953703703703704 0.04791666666666667 0.09907407407407408
0 0.49453125 0.6967592592592593 0.059375 0.125
0 0.6002604166666666 0.7467592592592592 0.059895833333333336 0.1398148148148148
0 0.29739583333333336 0.663425925925926 0.04635416666666667 0.08796296296296297
0 0.94296875 0.9578703703703704 0.044270833333333336 0.08425925925925926
0 0.8247395833333333 0.7305555555555555 0.035416666666666666 0.06111111111111111
0 0.8497395833333333 0.8407407407407408 0.046875 0.08796296296296297
0 0.9127604166666666 0.9115740740740741 0.0640625 0.10462962962962963
0 0.37473958333333335 0.95 0.05677083333333333 0.05185185185185185
0 0.71171875 0.8481481481481481 0.06145833333333333 0.1388888888888889
0 0.9174479166666667 0.9712962962962963 0.07239583333333334 0.05740740740740741
0 0.86875 0.8699074074074075 0.05260416666666667 0.1
0 0.9565104166666667 0.8546296296296296 0.0390625 0.08981481481481482
0 0.8213541666666667 0.937037037037037 0.06302083333333333 0.12222222222222222
0 0.8190104166666666 0.8527777777777777 0.057291666666666664 0.08981481481481482
0 0.8473958333333333 0.7625 0.040625 0.07037037037037037
0 0.6861979166666666 0.7893518518518519 0.0484375 0.12777777777777777
0 0.7356770833333334 0.7763888888888889 0.050520833333333334 0.08611111111111111
0 0.6984375 0.7277777777777777 0.04479166666666667 0.08611111111111111
0 0.7716145833333333 0.799074074074074 0.05 0.0824074074074074
0 0.66171875 0.7666666666666667 0.04010416666666667 0.11296296296296296
0 0.81484375 0.788425925925926 0.0484375 0.08611111111111111
0 0.91484375 0.8481481481481481 0.07291666666666667 0.11296296296296296
0 0.7583333333333333 0.8800925925925925 0.059895833333333336 0.12407407407407407
0 0.7072916666666667 0.6976851851851852 0.0421875 0.06759259259259259
0 0.7916666666666666 0.7564814814814815 0.03854166666666667 0.06666666666666667
0 0.74375 0.7 0.043229166666666666 0.07222222222222222
0 0.22630208333333332 0.8805555555555555 0.0734375 0.10092592592592593
0 0.9325520833333333 0.7703703703703704 0.059895833333333336 0.10277777777777777
0 0.7927083333333333 0.8986111111111111 0.05520833333333333 0.10092592592592593
0 0.25026041666666665 0.8300925925925926 0.05260416666666667 0.1037037037037037
0 0.7317708333333334 0.7300925925925926 0.041666666666666664 0.06851851851851852