0 0.515625 0.8787037037037037 0.165625 0.24259259259259258
0 0.30807291666666664 0.7513888888888889 0.09895833333333333 0.19768518518518519
0 0.6971354166666667 0.712037037037037 0.10416666666666667 0.19305555555555556
0 0.8138020833333334 0.6875 0.07890625 0.16805555555555557
0 0.8958333333333334 0.6574074074074074 0.07291666666666667 0.16064814814814815
0 0.6489583333333333 0.5476851851851852 0.07552083333333333 0.09583333333333334
0 0.6177083333333333 0.712037037037037 0.06328125 0.19907407407407407
0 0.5052083333333334 0.6796296296296296 0.11276041666666667 0.1587962962962963
0 0.403125 0.7199074074074074 0.08932291666666667 0.2175925925925926
0 0.39010416666666664 0.9444444444444444 0.16067708333333333 0.1111111111111111
0 0.3854166666666667 0.5662037037037037 0.05911458333333333 0.14814814814814814
0 0.48489583333333336 0.5324074074074074 0.10494791666666667 0.17592592592592593
0 0.5955729166666667 0.4615740740740741 0.09036458333333333 0.16666666666666666
0 0.5130208333333334 0.3925925925925926 0.08151041666666667 0.14351851851851852
0 0.71953125 0.399537037037037 0.078125 0.15416666666666667
0 0.8078125 0.43148148148148147 0.03046875 0.08194444444444444
0 0.73828125 0.5356481481481481 0.08932291666666667 0.1726851851851852
0 0.3424479166666667 0.4962962962962963 0.08776041666666666 0.0912037037037037
0 0.2921875 0.600925925925926 0.09114583333333333 0.13425925925925927
0 0.3359375 0.39351851851851855 0.052083333333333336 0.10185185185185185
0 0.4041666666666667 0.4212962962962963 0.08411458333333334 0.10185185185185185
0 0.4591145833333333 0.3875 0.04348958333333333 0.1912037037037037