0 0.39817708333333335 0.40046296296296297 0.059375 0.10925925925925926
0 0.2947916666666667 0.4675925925925926 0.043229166666666666 0.09074074074074075
0 0.35911458333333335 0.44351851851851853 0.04739583333333333 0.09074074074074075
0 0.39817708333333335 0.4828703703703704 0.052083333333333336 0.10185185185185185
0 0.3341145833333333 0.3680555555555556 0.06302083333333333 0.11296296296296296
0 0.7635416666666667 0.5777777777777777 0.034895833333333334 0.058333333333333334
0 0.36822916666666666 0.5083333333333333 0.03697916666666667 0.07592592592592592
0 0.58984375 0.44907407407407407 0.0453125 0.09444444444444444
0 0.15885416666666666 0.4930555555555556 0.035416666666666666 0.06388888888888888
0 0.10234375 0.5222222222222223 0.035416666666666666 0.06574074074074074
0 0.7861979166666667 0.5560185185185185 0.0453125 0.08148148148148149
0 0.6541666666666667 0.44675925925925924 0.0484375 0.09444444444444444
0 0.5682291666666667 0.5541666666666667 0.04583333333333333 0.10092592592592593
0 0.40208333333333335 0.575925925925926 0.03333333333333333 0.06388888888888888
0 0.13697916666666668 0.4166666666666667 0.057291666666666664 0.11944444444444445
0 0.30130208333333336 0.5375 0.03697916666666667 0.08148148148148149
0 0.7541666666666667 0.5120370370370371 0.034375 0.06851851851851852
0 0.7979166666666667 0.5185185185185185 0.04114583333333333 0.0787037037037037
0 0.25364583333333335 0.4791666666666667 0.04583333333333333 0.0962962962962963
0 0.7494791666666667 0.5643518518518519 0.03802083333333333 0.05648148148148148
0 0.3625 0.5652777777777778 0.041666666666666664 0.0824074074074074
0 0.12005208333333334 0.4564814814814815 0.04010416666666667 0.08796296296296297
0 0.6096354166666667 0.5731481481481482 0.049479166666666664 0.08981481481481482
0 0.428125 0.3347222222222222 0.06145833333333333 0.07407407407407407
0 0.19322916666666667 0.4564814814814815 0.04739583333333333 0.08611111111111111
0 0.7294270833333333 0.5148148148148148 0.034895833333333334 0.07777777777777778
0 0.7130208333333333 0.5842592592592593 0.0390625 0.0712962962962963
0 0.7380208333333333 0.5921296296296297 0.03229166666666667 0.053703703703703705
0 0.38776041666666666 0.5444444444444444 0.029166666666666667 0.05925925925925926
0 0.77734375 0.48009259259259257 0.036458333333333336 0.08148148148148149
0 0.22552083333333334 0.4236111111111111 0.05364583333333333 0.10185185185185185
0 0.33177083333333335 0.4930555555555556 0.04479166666666667 0.11666666666666667
0 0.74375 0.4462962962962963 0.05260416666666667 0.07685185185185185
0 0.6205729166666667 0.44537037037037036 0.0375 0.08518518518518518
0 0.20234375 0.49953703703703706 0.052083333333333336 0.08611111111111111
0 0.6140625 0.512962962962963 0.058854166666666666 0.08796296296296297
0 0.29791666666666666 0.39444444444444443 0.0515625 0.10092592592592593
0 0.48828125 0.3662037037037037 0.05677083333333333 0.10462962962962963
0 0.7666666666666667 0.6333333333333333 0.044270833333333336 0.06574074074074074
0 0.41328125 0.5365740740740741 0.030729166666666665 0.07592592592592592
0 0.7791666666666667 0.6055555555555555 0.033854166666666664 0.05277777777777778
0 0.59921875 0.6412037037037037 0.04635416666666667 0.07407407407407407
0 0.26328125 0.32314814814814813 0.06041666666666667 0.11203703703703703
0 0.3734375 0.33425925925925926 0.05572916666666667 0.08425925925925926
0 0.6427083333333333 0.6393518518518518 0.042708333333333334 0.06851851851851852
0 0.08489583333333334 0.4337962962962963 0.04791666666666667 0.08981481481481482
0 0.246875 0.39814814814814814 0.04583333333333333 0.09074074074074075
0 0.73046875 0.6365740740740741 0.043229166666666666 0.0712962962962963
0 0.6596354166666667 0.34675925925925927 0.05520833333333333 0.11388888888888889
0 0.9932291666666667 0.4888888888888889 0.013541666666666667 0.07222222222222222
0 0.9140625 0.5643518518518519 0.0375 0.07222222222222222
0 0.97734375 0.5625 0.0453125 0.08611111111111111
0 0.9244791666666666 0.6305555555555555 0.03177083333333333 0.05092592592592592
0 0.85546875 0.538425925925926 0.049479166666666664 0.09259259259259259
0 0.5768229166666666 0.6050925925925926 0.0390625 0.06111111111111111
0 0.62421875 0.3523148148148148 0.06770833333333333 0.1259259259259259
0 0.6984375 0.48194444444444445 0.0546875 0.10740740740740741
0 0.7078125 0.3731481481481482 0.05520833333333333 0.09166666666666666
0 0.46119791666666665 0.4217592592592593 0.04739583333333333 0.13240740740740742
0 0.06015625 0.5412037037037037 0.03802083333333333 0.06851851851851852
0 0.8078125 0.6143518518518518 0.0390625 0.05462962962962963
0 0.40703125 0.6263888888888889 0.036458333333333336 0.05648148148148148
0 0.5346354166666667 0.5504629629629629 0.04583333333333333 0.09814814814814815
0 0.5557291666666667 0.6370370370370371 0.034895833333333334 0.075
0 0.81640625 0.5689814814814815 0.0296875 0.06296296296296296
0 0.14244791666666667 0.5046296296296297 0.040625 0.06296296296296296
0 0.46432291666666664 0.6203703703703703 0.03958333333333333 0.062037037037037036
0 0.6526041666666667 0.5601851851851852 0.04895833333333333 0.12407407407407407
0 0.9666666666666667 0.4837962962962963 0.0421875 0.06666666666666667
0 0.43359375 0.6217592592592592 0.028645833333333332 0.05462962962962963
0 0.8872395833333333 0.500462962962963 0.040625 0.06759259259259259
0 0.6981770833333333 0.3037037037037037 0.071875 0.10277777777777777
0 0.13723958333333333 0.5425925925925926 0.0359375 0.05648148148148148
0 0.9395833333333333 0.5416666666666666 0.04635416666666667 0.08333333333333333
0 0.5713541666666667 0.36527777777777776 0.0546875 0.09814814814814815
0 0.5557291666666667 0.44027777777777777 0.046875 0.12037037037037036
0 0.9229166666666667 0.45694444444444443 0.0359375 0.0787037037037037
0 0.8375 0.6291666666666667 0.0359375 0.05185185185185185
0 0.9473958333333333 0.5986111111111111 0.03229166666666667 0.05462962962962963
0 0.9885416666666667 0.5435185185185185 0.022916666666666665 0.09074074074074075
0 0.05078125 0.33055555555555555 0.06197916666666667 0.11481481481481481
0 0.9661458333333334 0.5916666666666667 0.03333333333333333 0.058333333333333334
0 0.8953125 0.6347222222222222 0.03177083333333333 0.06759259259259259
0 0.43802083333333336 0.43703703703703706 0.04114583333333333 0.11574074074074074
0 0.62890625 0.6736111111111112 0.03802083333333333 0.04537037037037037
0 0.68203125 0.6592592592592592 0.043229166666666666 0.046296296296296294
0 0.078125 0.38842592592592595 0.05520833333333333 0.075
0 0.16328125 0.5666666666666667 0.04479166666666667 0.09444444444444444
0 0.9096354166666667 0.5101851851851852 0.029166666666666667 0.06481481481481481
0 0.5505208333333333 0.5263888888888889 0.04583333333333333 0.08333333333333333
0 0.4640625 0.5763888888888888 0.036458333333333336 0.09351851851851851
0 0.03854166666666667 0.48564814814814816 0.050520833333333334 0.11481481481481481
0 0.89453125 0.46574074074074073 0.04479166666666667 0.08055555555555556
0 0.013541666666666667 0.42314814814814816 0.027083333333333334 0.11574074074074074
0 0.83203125 0.4638888888888889 0.05625 0.08888888888888889
0 0.4375 0.5523148148148148 0.04375 0.11018518518518519
0 0.29192708333333334 0.5944444444444444 0.08020833333333334 0.11018518518518519
0 0.09140625 0.47453703703703703 0.042708333333333334 0.08518518518518518
0 0.19635416666666666 0.5925925925925926 0.03125 0.07037037037037037
0 0.5252604166666667 0.6143518518518518 0.034375 0.07962962962962963
0 0.003125 0.5541666666666667 0.00625 0.0787037037037037
0 0.10260416666666666 0.3282407407407407 0.059895833333333336 0.11296296296296296
0 0.884375 0.5643518518518519 0.029166666666666667 0.06759259259259259
0 0.72109375 0.42083333333333334 0.04583333333333333 0.07962962962962963
0 0.06875 0.5032407407407408 0.043229166666666666 0.10277777777777777
0 0.34348958333333335 0.6226851851851852 0.05364583333333333 0.07222222222222222
0 0.10104166666666667 0.5912037037037037 0.08020833333333334 0.075
0 0.19322916666666667 0.5587962962962963 0.04739583333333333 0.10277777777777777