0 0.534375 0.9680555555555556 0.04375 0.06388888888888888
0 0.49635416666666665 0.9814814814814815 0.04583333333333333 0.037037037037037035
0 0.5619791666666667 0.9361111111111111 0.04479166666666667 0.08703703703703704
0 0.43828125 0.9949074074074075 0.0515625 0.010185185185185186
0 0.45755208333333336 0.9796296296296296 0.04114583333333333 0.040740740740740744
0 0.52265625 0.9412037037037037 0.0421875 0.06944444444444445
0 0.68515625 0.9560185185185185 0.044270833333333336 0.024074074074074074
0 0.4609375 0.9236111111111112 0.03177083333333333 0.06759259259259259
0 0.5041666666666667 0.9111111111111111 0.043229166666666666 0.07407407407407407
0 0.38515625 0.9722222222222222 0.03177083333333333 0.05555555555555555
0 0.43723958333333335 0.9282407407407407 0.033854166666666664 0.06759259259259259
0 0.34921875 0.987037037037037 0.04010416666666667 0.025925925925925925
0 0.6942708333333333 0.9231481481481482 0.04114583333333333 0.07037037037037037
0 0.8221354166666667 0.8819444444444444 0.041666666666666664 0.10833333333333334
0 0.8549479166666667 0.8833333333333333 0.043229166666666666 0.09259259259259259
0 0.675 0.8601851851851852 0.0375 0.0962962962962963
0 0.5895833333333333 0.8810185185185185 0.03333333333333333 0.07962962962962963
0 0.7005208333333334 0.8361111111111111 0.03697916666666667 0.08055555555555556
0 0.20859375 0.9638888888888889 0.04739583333333333 0.07222222222222222
0 0.9317708333333333 0.8722222222222222 0.042708333333333334 0.08148148148148149
0 0.5390625 0.8638888888888889 0.040625 0.0712962962962963
0 0.9091145833333333 0.9050925925925926 0.050520833333333334 0.028703703703703703
0 0.7208333333333333 0.9453703703703704 0.03697916666666667 0.027777777777777776
0 0.74296875 0.9199074074074074 0.043229166666666666 0.06944444444444445
0 0.68984375 0.8805555555555555 0.03333333333333333 0.06388888888888888
0 0.6455729166666667 0.9625 0.042708333333333334 0.026851851851851852
0 0.9817708333333334 0.8412037037037037 0.036458333333333336 0.075
0 0.7442708333333333 0.8652777777777778 0.03958333333333333 0.07037037037037037
0 0.43984375 0.888425925925926 0.03177083333333333 0.05648148148148148
0 0.8799479166666667 0.8893518518518518 0.04791666666666667 0.0712962962962963
0 0.61484375 0.8347222222222223 0.035416666666666666 0.05462962962962963
0 0.61953125 0.9004629629629629 0.05520833333333333 0.1175925925925926
0 0.5872395833333334 0.8194444444444444 0.034375 0.06296296296296296
0 0.9614583333333333 0.8699074074074075 0.04479166666666667 0.07314814814814814
0 0.8434895833333333 0.8361111111111111 0.0328125 0.06759259259259259
0 0.32708333333333334 0.9916666666666667 0.029166666666666667 0.016666666666666666
0 0.13229166666666667 0.9657407407407408 0.036458333333333336 0.06851851851851852
0 0.42682291666666666 0.8527777777777777 0.03697916666666667 0.06944444444444445
0 0.16276041666666666 0.9712962962962963 0.03697916666666667 0.05740740740740741
0 0.8674479166666667 0.8337962962962963 0.03125 0.06851851851851852
0 0.18255208333333334 0.9550925925925926 0.034375 0.0787037037037037
0 0.31666666666666665 0.962037037037037 0.030208333333333334 0.05648148148148148
0 0.3341145833333333 0.9305555555555556 0.0375 0.06111111111111111
0 0.10885416666666667 0.9694444444444444 0.036458333333333336 0.06111111111111111
0 0.5890625 0.9532407407407407 0.05 0.0712962962962963
0 0.3453125 0.9583333333333334 0.0296875 0.05648148148148148
0 0.40338541666666666 0.9087962962962963 0.04791666666666667 0.08703703703703704
0 0.21432291666666667 0.8629629629629629 0.03854166666666667 0.08518518518518518
0 0.06067708333333333 0.9805555555555555 0.0421875 0.03888888888888889
0 0.9942708333333333 0.8722222222222222 0.011458333333333333 0.04814814814814815
0 0.8270833333333333 0.7939814814814815 0.034895833333333334 0.07777777777777778
0 0.9005208333333333 0.850925925925926 0.03697916666666667 0.10092592592592593
0 0.5424479166666667 0.8078703703703703 0.03177083333333333 0.06574074074074074
0 0.9247395833333333 0.8027777777777778 0.03958333333333333 0.09814814814814815
0 0.5171875 0.8333333333333334 0.0421875 0.08333333333333333
0 0.79921875 0.8777777777777778 0.033854166666666664 0.09722222222222222
0 0.6440104166666667 0.875 0.03333333333333333 0.11296296296296296
0 0.0765625 0.9467592592592593 0.0375 0.06666666666666667
0 0.6434895833333333 0.7819444444444444 0.03333333333333333 0.062037037037037036
0 0.7786458333333334 0.8907407407407407 0.03697916666666667 0.08703703703703704
0 0.9924479166666667 0.8185185185185185 0.015104166666666667 0.08888888888888889
0 0.04401041666666667 0.9564814814814815 0.030208333333333334 0.06018518518518518
0 0.11484375 0.9013888888888889 0.04010416666666667 0.07037037037037037
0 0.9854166666666667 0.7416666666666667 0.029166666666666667 0.08518518518518518
0 0.15572916666666667 0.8949074074074074 0.023958333333333335 0.04814814814814815
0 0.9520833333333333 0.7912037037037037 0.0375 0.06759259259259259
0 0.175 0.9064814814814814 0.029166666666666667 0.05740740740740741
0 0.8497395833333333 0.774537037037037 0.03333333333333333 0.09351851851851851
0 0.2833333333333333 0.987037037037037 0.035416666666666666 0.025925925925925925
0 0.09244791666666667 0.913425925925926 0.03854166666666667 0.07037037037037037
0 0.19140625 0.8569444444444444 0.028645833333333332 0.06851851851851852
0 0.27708333333333335 0.9638888888888889 0.04583333333333333 0.07222222222222222
0 0.039322916666666666 0.8953703703703704 0.03125 0.05277777777777778
0 0.06666666666666667 0.8675925925925926 0.0390625 0.06944444444444445
0 0.39817708333333335 0.850462962962963 0.03229166666666667 0.075
0 0.14270833333333333 0.9263888888888889 0.023958333333333335 0.05277777777777778
0 0.346875 0.8578703703703704 0.043229166666666666 0.08611111111111111
0 0.12578125 0.8773148148148148 0.043229166666666666 0.075
0 0.4828125 0.8578703703703704 0.04375 0.0787037037037037
0 0.2 0.8273148148148148 0.0296875 0.05277777777777778
0 0.7276041666666667 0.7976851851851852 0.03125 0.07407407407407407
0 0.15286458333333333 0.8606481481481482 0.03229166666666667 0.062037037037037036
0 0.17604166666666668 0.8379629629629629 0.028645833333333332 0.06388888888888888