0 0.6572916666666667 0.8324074074074074 0.05520833333333333 0.0962962962962963
0 0.5622395833333333 0.8555555555555555 0.05625 0.11944444444444445
0 0.6065104166666667 0.8310185185185185 0.05572916666666667 0.125
0 0.5138020833333333 0.85 0.0578125 0.11388888888888889
0 0.7640625 0.8560185185185185 0.06666666666666667 0.11481481481481481
0 0.6596354166666667 0.7217592592592592 0.05416666666666667 0.11944444444444445
0 0.6161458333333333 0.7435185185185185 0.05572916666666667 0.12314814814814815
0 0.79453125 0.8212962962962963 0.0671875 0.11666666666666667
0 0.5486979166666667 0.6865740740740741 0.065625 0.11666666666666667
0 0.7330729166666666 0.7643518518518518 0.0609375 0.11296296296296296
0 0.5489583333333333 0.7814814814814814 0.053125 0.10555555555555556
0 0.48776041666666664 0.7851851851851852 0.051041666666666666 0.11388888888888889
0 0.58203125 0.7490740740740741 0.04791666666666667 0.10462962962962963
0 0.8872395833333333 0.8842592592592593 0.0609375 0.1
0 0.8497395833333333 0.8731481481481481 0.06197916666666667 0.10648148148148148
0 0.12786458333333334 0.9018518518518519 0.0640625 0.09259259259259259
0 0.6138020833333333 0.6287037037037037 0.05 0.13148148148148148
0 0.728125 0.5967592592592592 0.0546875 0.1037037037037037
0 0.8002604166666667 0.7208333333333333 0.04583333333333333 0.09444444444444444
0 0.69609375 0.6291666666666667 0.04010416666666667 0.08796296296296297
0 0.49270833333333336 0.6657407407407407 0.0625 0.13796296296296295
0 0.7638020833333333 0.7273148148148149 0.0515625 0.10092592592592593
0 0.1203125 0.8060185185185185 0.07552083333333333 0.12129629629629629
0 0.7611979166666667 0.6694444444444444 0.053125 0.09907407407407408
0 0.8557291666666667 0.8125 0.0515625 0.08888888888888889
0 0.075 0.8648148148148148 0.06614583333333333 0.10462962962962963
0 0.71015625 0.8638888888888889 0.049479166666666664 0.1259259259259259
0 0.2453125 0.7398148148148148 0.0640625 0.0962962962962963
0 0.1703125 0.8263888888888888 0.04791666666666667 0.08148148148148149
0 0.7307291666666667 0.6791666666666667 0.043229166666666666 0.08611111111111111
0 0.19635416666666666 0.7282407407407407 0.05625 0.1037037037037037
0 0.38567708333333334 0.6907407407407408 0.042708333333333334 0.11574074074074074
0 0.17395833333333333 0.8907407407407407 0.04791666666666667 0.10648148148148148
0 0.5338541666666666 0.6287037037037037 0.04791666666666667 0.08333333333333333
0 0.40963541666666664 0.675 0.0390625 0.12314814814814815
0 0.07291666666666667 0.8013888888888889 0.050520833333333334 0.07685185185185185
0 0.7091145833333333 0.7134259259259259 0.046875 0.09351851851851851
0 0.36640625 0.7462962962962963 0.0453125 0.10462962962962963
0 0.33359375 0.7069444444444445 0.0546875 0.10648148148148148
0 0.24557291666666667 0.6759259259259259 0.05677083333333333 0.09259259259259259
0 0.20989583333333334 0.8541666666666666 0.06614583333333333 0.15092592592592594
0 0.77890625 0.6324074074074074 0.043229166666666666 0.07407407407407407
0 0.80546875 0.6416666666666667 0.044270833333333336 0.0787037037037037
0 0.4861979166666667 0.6236111111111111 0.044270833333333336 0.06759259259259259
0 0.039322916666666666 0.8476851851851852 0.04375 0.07685185185185185
0 0.30078125 0.6921296296296297 0.0578125 0.09166666666666666
0 0.24296875 0.8393518518518519 0.07083333333333333 0.1398148148148148
0 0.5786458333333333 0.5662037037037037 0.049479166666666664 0.07592592592592592
0 0.17369791666666667 0.7532407407407408 0.0640625 0.10833333333333334
0 0.0578125 0.7361111111111112 0.05260416666666667 0.07777777777777778
0 0.5309895833333333 0.587037037037037 0.04895833333333333 0.0712962962962963
0 0.66953125 0.5643518518518519 0.058854166666666666 0.07222222222222222
0 0.6932291666666667 0.6847222222222222 0.042708333333333334 0.09259259259259259
0 0.275 0.7912037037037037 0.059375 0.09907407407407408
0 0.033854166666666664 0.6828703703703703 0.049479166666666664 0.09166666666666666
0 0.3177083333333333 0.7699074074074074 0.0625 0.10462962962962963
0 0.011197916666666667 0.7013888888888888 0.011979166666666667 0.08148148148148149
0 0.09791666666666667 0.7064814814814815 0.05625 0.07685185185185185
0 0.03359375 0.7356481481481482 0.05625 0.14444444444444443
0 0.3697916666666667 0.6277777777777778 0.0421875 0.09074074074074075
0 0.31354166666666666 0.5800925925925926 0.041666666666666664 0.06944444444444445
0 0.014322916666666666 0.6337962962962963 0.022916666666666665 0.0824074074074074
0 0.18359375 0.6842592592592592 0.041666666666666664 0.06481481481481481
0 0.3533854166666667 0.5921296296296297 0.03125 0.06759259259259259
0 0.21328125 0.6106481481481482 0.03854166666666667 0.06851851851851852
0 0.57890625 0.6129629629629629 0.07447916666666667 0.15648148148148147
0 0.17916666666666667 0.6296296296296297 0.044270833333333336 0.06574074074074074
0 0.08567708333333333 0.6462962962962963 0.06770833333333333 0.11666666666666667
0 0.31640625 0.6402777777777777 0.06354166666666666 0.0824074074074074
0 0.24322916666666666 0.5967592592592592 0.03802083333333333 0.06666666666666667
0 0.15416666666666667 0.6333333333333333 0.040625 0.06018518518518518