0 0.35260416666666666 0.3425925925925926 0.0578125 0.06759259259259259
0 0.23046875 0.5259259259259259 0.04635416666666667 0.08703703703703704
0 0.18932291666666667 0.512962962962963 0.044270833333333336 0.1111111111111111
0 0.909375 0.48935185185185187 0.03333333333333333 0.06111111111111111
0 0.1703125 0.4185185185185185 0.04375 0.07777777777777778
0 0.40390625 0.35138888888888886 0.0484375 0.07222222222222222
0 0.30364583333333334 0.36944444444444446 0.059375 0.09351851851851851
0 0.1171875 0.5157407407407407 0.03958333333333333 0.06111111111111111
0 0.3828125 0.4101851851851852 0.0484375 0.0962962962962963
0 0.4921875 0.47824074074074074 0.051041666666666666 0.10648148148148148
0 0.546875 0.5143518518518518 0.0421875 0.07407407407407407
0 0.390625 0.4976851851851852 0.04375 0.08425925925925926
0 0.9169270833333333 0.5518518518518518 0.03333333333333333 0.06574074074074074
0 0.2682291666666667 0.5666666666666667 0.0328125 0.05462962962962963
0 0.42213541666666665 0.45555555555555555 0.0390625 0.07962962962962963
0 0.22604166666666667 0.4828703703703704 0.04583333333333333 0.0787037037037037
0 0.7747395833333334 0.6041666666666666 0.03177083333333333 0.058333333333333334
0 0.09114583333333333 0.49583333333333335 0.0390625 0.06851851851851852
0 0.9268229166666667 0.5824074074074074 0.036458333333333336 0.06481481481481481
0 0.078125 0.46574074074074073 0.044270833333333336 0.0712962962962963
0 0.0359375 0.47685185185185186 0.0359375 0.0712962962962963
0 0.25338541666666664 0.41898148148148145 0.03802083333333333 0.11296296296296296
0 0.04921875 0.5236111111111111 0.030208333333333334 0.05092592592592592
0 0.22161458333333334 0.43148148148148147 0.042708333333333334 0.0787037037037037
0 0.5658854166666667 0.45416666666666666 0.051041666666666666 0.10925925925925926
0 0.20989583333333334 0.3398148148148148 0.04375 0.10277777777777777
0 0.05234375 0.4046296296296296 0.050520833333333334 0.09074074074074075
0 0.27109375 0.5351851851851852 0.03854166666666667 0.06666666666666667
0 0.25364583333333335 0.5986111111111111 0.0359375 0.06666666666666667
0 0.50390625 0.5592592592592592 0.0359375 0.0712962962962963
0 0.6057291666666667 0.5421296296296296 0.046875 0.06944444444444445
0 0.6861979166666666 0.586574074074074 0.03229166666666667 0.05925925925925926
0 0.29010416666666666 0.5990740740740741 0.03177083333333333 0.05925925925925926
0 0.3072916666666667 0.524537037037037 0.028645833333333332 0.08148148148148149
0 0.14401041666666667 0.5268518518518519 0.03958333333333333 0.06111111111111111
0 0.8830729166666667 0.5078703703703704 0.043229166666666666 0.07314814814814814
0 0.9515625 0.42824074074074076 0.0390625 0.07037037037037037
0 0.86953125 0.5652777777777778 0.03854166666666667 0.05648148148148148
0 0.4388020833333333 0.39351851851851855 0.059895833333333336 0.09814814814814815
0 0.2140625 0.5819444444444445 0.03802083333333333 0.07314814814814814
0 0.4239583333333333 0.6101851851851852 0.03177083333333333 0.05925925925925926
0 0.23671875 0.35694444444444445 0.05260416666666667 0.08611111111111111
0 0.14947916666666666 0.5699074074074074 0.03802083333333333 0.06388888888888888
0 0.934375 0.625462962962963 0.035416666666666666 0.05648148148148148
0 0.14765625 0.44537037037037036 0.050520833333333334 0.09351851851851851
0 0.73984375 0.49537037037037035 0.04583333333333333 0.08611111111111111
0 0.12473958333333333 0.4625 0.034895833333333334 0.07407407407407407
0 0.13255208333333332 0.2814814814814815 0.06614583333333333 0.07777777777777778
0 0.4471354166666667 0.5685185185185185 0.036458333333333336 0.0787037037037037
0 0.10729166666666666 0.4009259259259259 0.0515625 0.07777777777777778
0 0.42604166666666665 0.5009259259259259 0.040625 0.08888888888888889
0 0.5234375 0.3648148148148148 0.051041666666666666 0.09537037037037037
0 0.7161458333333334 0.5875 0.0375 0.05648148148148148
0 0.975 0.5550925925925926 0.04010416666666667 0.06111111111111111
0 0.8481770833333333 0.549537037037037 0.035416666666666666 0.05740740740740741
0 0.39765625 0.6023148148148149 0.03333333333333333 0.05740740740740741
0 0.35390625 0.4537037037037037 0.040625 0.07777777777777778
0 0.32864583333333336 0.41712962962962963 0.04635416666666667 0.10833333333333334
0 0.7986979166666667 0.5555555555555556 0.05520833333333333 0.12037037037037036
0 0.27890625 0.6152777777777778 0.027604166666666666 0.04722222222222222
0 0.9403645833333333 0.5013888888888889 0.0390625 0.07685185185185185
0 0.06458333333333334 0.4981481481481482 0.028645833333333332 0.05740740740740741
0 0.7703125 0.4162037037037037 0.04375 0.06388888888888888
0 0.18229166666666666 0.5861111111111111 0.03802083333333333 0.06481481481481481
0 0.4830729166666667 0.41712962962962963 0.04375 0.09259259259259259
0 0.8307291666666666 0.44074074074074077 0.03229166666666667 0.05277777777777778
0 0.31927083333333334 0.575 0.03697916666666667 0.08148148148148149
0 0.6627604166666666 0.6078703703703704 0.034895833333333334 0.08703703703703704
0 0.7283854166666667 0.5351851851851852 0.035416666666666666 0.07314814814814814
0 0.7166666666666667 0.3837962962962963 0.0515625 0.11018518518518519
0 0.22734375 0.6069444444444444 0.03229166666666667 0.06296296296296296
0 0.8408854166666667 0.500462962962963 0.05260416666666667 0.09537037037037037
0 0.8065104166666667 0.4287037037037037 0.04114583333333333 0.058333333333333334
0 0.8408854166666667 0.6138888888888889 0.034375 0.05925925925925926
0 0.6583333333333333 0.5305555555555556 0.0328125 0.07222222222222222
0 0.7786458333333334 0.6310185185185185 0.0296875 0.037037037037037035
0 0.7565104166666666 0.5527777777777778 0.041666666666666664 0.11481481481481481
0 0.9833333333333333 0.4708333333333333 0.03333333333333333 0.07685185185185185
0 0.9020833333333333 0.6212962962962963 0.042708333333333334 0.06851851851851852
0 0.7408854166666666 0.44537037037037036 0.05572916666666667 0.08425925925925926
0 0.4708333333333333 0.5055555555555555 0.05364583333333333 0.11203703703703703
0 0.1984375 0.42268518518518516 0.027083333333333334 0.06944444444444445
0 0.825 0.5986111111111111 0.0265625 0.05648148148148148
0 0.71953125 0.6513888888888889 0.0375 0.03888888888888889
0 0.278125 0.4949074074074074 0.05 0.08888888888888889
0 0.009114583333333334 0.48935185185185187 0.018229166666666668 0.06574074074074074
0 0.69921875 0.49907407407407406 0.03854166666666667 0.11203703703703703
0 0.8013020833333333 0.6416666666666667 0.03854166666666667 0.04814814814814815
0 0.36744791666666665 0.562037037037037 0.04791666666666667 0.11018518518518519
0 0.7221354166666667 0.41759259259259257 0.034895833333333334 0.05277777777777778
0 0.009635416666666667 0.5375 0.01875 0.05462962962962963
0 0.79453125 0.36944444444444446 0.04635416666666667 0.09351851851851851
0 0.019270833333333334 0.4 0.03854166666666667 0.11481481481481481
0 0.6768229166666667 0.46064814814814814 0.03802083333333333 0.10925925925925926
0 0.7765625 0.45092592592592595 0.0484375 0.06481481481481481
0 0.8674479166666667 0.6296296296296297 0.033854166666666664 0.07314814814814814
0 0.9877604166666667 0.6212962962962963 0.024479166666666666 0.09259259259259259
0 0.18541666666666667 0.34444444444444444 0.04375 0.10277777777777777
0 0.15598958333333332 0.33287037037037037 0.03802083333333333 0.09444444444444444
0 0.11901041666666666 0.34629629629629627 0.043229166666666666 0.06111111111111111