0 0.4515625 0.8444444444444444 0.1734375 0.19074074074074074
0 0.578125 0.762962962962963 0.13958333333333334 0.22685185185185186
0 0.39010416666666664 0.6435185185185185 0.10104166666666667 0.1935185185185185
0 0.48723958333333334 0.6175925925925926 0.0828125 0.20462962962962963
0 0.5588541666666667 0.4842592592592593 0.12239583333333333 0.18703703703703703
0 0.67109375 0.625 0.0671875 0.21666666666666667
0 0.7640625 0.5893518518518519 0.09375 0.19907407407407407
0 0.5895833333333333 0.587037037037037 0.10572916666666667 0.1648148148148148
0 0.46171875 0.4722222222222222 0.0921875 0.10833333333333334
0 0.378125 0.5101851851851852 0.08333333333333333 0.11388888888888889
0 0.5736979166666667 0.3402777777777778 0.0921875 0.14722222222222223
0 0.6572916666666667 0.4046296296296296 0.08489583333333334 0.15092592592592594
0 0.70390625 0.47314814814814815 0.0609375 0.10833333333333334
0 0.8721354166666667 0.6097222222222223 0.0671875 0.17962962962962964
0 0.78203125 0.4726851851851852 0.06979166666666667 0.10833333333333334
0 0.7520833333333333 0.36527777777777776 0.08229166666666667 0.125
0 0.4778645833333333 0.37083333333333335 0.08229166666666667 0.11018518518518519
0 0.41796875 0.4162037037037037 0.0921875 0.12129629629629629
0 0.4125 0.32916666666666666 0.07135416666666666 0.11666666666666667
0 0.46901041666666665 0.2847222222222222 0.07135416666666666 0.07962962962962963
0 0.5197916666666667 0.2861111111111111 0.058854166666666666 0.07222222222222222
0 0.8348958333333333 0.41388888888888886 0.06666666666666667 0.1111111111111111
0 0.8106770833333333 0.4287037037037037 0.04791666666666667 0.08981481481481482