0 0.3997395833333333 0.32314814814814813 0.12604166666666666 0.22777777777777777
0 0.36276041666666664 0.6685185185185185 0.10260416666666666 0.21944444444444444
0 0.3015625 0.4726851851851852 0.10052083333333334 0.24814814814814815
0 0.5283854166666667 0.5745370370370371 0.0953125 0.15925925925925927
0 0.43671875 0.47824074074074074 0.084375 0.16296296296296298
0 0.4705729166666667 0.6592592592592592 0.0546875 0.125
0 0.46119791666666665 0.825925925925926 0.10625 0.13055555555555556
0 0.4747395833333333 0.9412037037037037 0.12760416666666666 0.1175925925925926
0 0.5356770833333333 0.862037037037037 0.07239583333333334 0.14537037037037037
0 0.5755208333333334 0.7731481481481481 0.06875 0.15462962962962962
0 0.60625 0.6222222222222222 0.08489583333333334 0.15462962962962962
0 0.5122395833333333 0.4185185185185185 0.0859375 0.1712962962962963
0 0.48854166666666665 0.2912037037037037 0.0671875 0.14537037037037037
0 0.5403645833333334 0.3541666666666667 0.08229166666666667 0.14814814814814814
0 0.5703125 0.4601851851851852 0.078125 0.14166666666666666
0 0.534375 0.962037037037037 0.09375 0.07592592592592592
0 0.6065104166666667 0.9199074074074074 0.08802083333333334 0.1398148148148148
0 0.6153645833333333 0.8004629629629629 0.08385416666666666 0.1685185185185185