0 0.3658854166666667 0.9319444444444445 0.11197916666666667 0.1361111111111111
0 0.5833333333333334 0.8657407407407407 0.052083333333333336 0.12361111111111112
0 0.5091145833333334 0.8611111111111112 0.06510416666666667 0.11712962962962963
0 0.6674479166666667 0.8435185185185186 0.078125 0.14027777777777778
0 0.57734375 0.6851851851851852 0.06770833333333333 0.10185185185185185
0 0.4895833333333333 0.7717592592592593 0.078125 0.12638888888888888
0 0.3458333333333333 0.825462962962963 0.06171875 0.08935185185185185
0 0.4270833333333333 0.6888888888888889 0.05911458333333333 0.10324074074074074
0 0.4421875 0.9018518518518519 0.06510416666666667 0.1125
0 0.4197916666666667 0.7800925925925926 0.06171875 0.10648148148148148
0 0.3697916666666667 0.7300925925925926 0.06588541666666667 0.07731481481481481
0 0.3653645833333333 0.6518518518518519 0.04869791666666667 0.08796296296296297
0 0.4122395833333333 0.6087962962962963 0.03463541666666667 0.07268518518518519
0 0.5083333333333333 0.6564814814814814 0.06328125 0.09722222222222222
0 0.4552083333333333 0.6171296296296296 0.0234375 0.0587962962962963
0 0.68671875 0.7337962962962963 0.07291666666666667 0.10648148148148148
0 0.6171875 0.7537037037037037 0.05026041666666667 0.1125
0 0.7486979166666666 0.8439814814814814 0.05651041666666667 0.12638888888888888
0 0.7994791666666666 0.7861111111111111 0.0625 0.11574074074074074
0 0.73359375 0.6444444444444445 0.03828125 0.0787037037037037
0 0.66328125 0.6351851851851852 0.06588541666666667 0.08194444444444444