0 0.3859375 0.5675925925925925 0.5645833333333333 0.8648148148148148
0 0.24401041666666667 0.6449074074074074 0.10989583333333333 0.20092592592592592
0 0.34427083333333336 0.7851851851851852 0.13125 0.23333333333333334
0 0.30807291666666664 0.6351851851851852 0.13177083333333334 0.23148148148148148
0 0.22369791666666666 0.5009259259259259 0.11041666666666666 0.19907407407407407
0 0.15807291666666667 0.43842592592592594 0.10885416666666667 0.18981481481481483
0 0.196875 0.3592592592592593 0.07395833333333333 0.13055555555555556
0 0.2559895833333333 0.4074074074074074 0.08489583333333334 0.15092592592592594
0 0.4002604166666667 0.7467592592592592 0.11197916666666667 0.19814814814814816
0 0.34869791666666666 0.8902777777777777 0.08020833333333334 0.14629629629629629
0 0.16875 0.5226851851851851 0.08958333333333333 0.1712962962962963
0 0.2877604166666667 0.5092592592592593 0.09322916666666667 0.16018518518518518