0 0.5434895833333333 0.9625 0.04375 0.07222222222222222
0 0.23359375 0.9430555555555555 0.03177083333333333 0.07685185185185185
0 0.32578125 0.9166666666666666 0.04583333333333333 0.0712962962962963
0 0.30755208333333334 0.9592592592592593 0.0421875 0.0712962962962963
0 0.5622395833333333 0.850925925925926 0.03229166666666667 0.053703703703703705
0 0.37057291666666664 0.8967592592592593 0.034895833333333334 0.06574074074074074
0 0.20130208333333333 0.9180555555555555 0.03697916666666667 0.05740740740740741
0 0.70703125 0.7898148148148149 0.0359375 0.07777777777777778
0 0.6697916666666667 0.7245370370370371 0.03177083333333333 0.06759259259259259
0 0.3416666666666667 0.9842592592592593 0.042708333333333334 0.03148148148148148
0 0.5638020833333334 0.9768518518518519 0.058854166666666666 0.041666666666666664
0 0.25364583333333335 0.8865740740740741 0.03125 0.06759259259259259
0 0.40078125 0.9787037037037037 0.0546875 0.04259259259259259
0 0.5606770833333333 0.9037037037037037 0.041666666666666664 0.0787037037037037
0 0.59296875 0.8379629629629629 0.0328125 0.06018518518518518
0 0.34088541666666666 0.9643518518518519 0.03697916666666667 0.05740740740740741
0 0.6497395833333334 0.7782407407407408 0.04375 0.09166666666666666
0 0.6739583333333333 0.6800925925925926 0.0265625 0.05648148148148148
0 0.3958333333333333 0.7916666666666666 0.0375 0.0787037037037037
0 0.72578125 0.812962962962963 0.0453125 0.06666666666666667
0 0.6622395833333333 0.6166666666666667 0.035416666666666666 0.06018518518518518
0 0.26588541666666665 0.9671296296296297 0.0421875 0.06574074074074074
0 0.7205729166666667 0.7101851851851851 0.0328125 0.06574074074074074
0 0.2953125 0.9842592592592593 0.053125 0.03148148148148148
0 0.6447916666666667 0.6425925925925926 0.0328125 0.07592592592592592
0 0.3736979166666667 0.9708333333333333 0.03697916666666667 0.058333333333333334
0 0.20338541666666668 0.9648148148148148 0.06197916666666667 0.07037037037037037
0 0.7078125 0.6851851851851852 0.026041666666666668 0.06666666666666667
0 0.4153645833333333 0.8449074074074074 0.03177083333333333 0.07685185185185185
0 0.6161458333333333 0.9152777777777777 0.030729166666666665 0.05555555555555555
0 0.7291666666666666 0.7620370370370371 0.033854166666666664 0.06296296296296296
0 0.284375 0.8833333333333333 0.04114583333333333 0.06574074074074074
0 0.6440104166666667 0.6893518518518519 0.027604166666666666 0.04814814814814815
0 0.5971354166666667 0.9458333333333333 0.042708333333333334 0.07592592592592592
0 0.6901041666666666 0.7560185185185185 0.03333333333333333 0.0824074074074074
0 0.5213541666666667 0.8731481481481481 0.0296875 0.06666666666666667
0 0.68984375 0.6967592592592593 0.026041666666666668 0.05555555555555555
0 0.76484375 0.7763888888888889 0.04583333333333333 0.10185185185185185
0 0.46380208333333334 0.9634259259259259 0.043229166666666666 0.07314814814814814
0 0.6393229166666666 0.7328703703703704 0.033854166666666664 0.06481481481481481
0 0.22630208333333332 0.875462962962963 0.035416666666666666 0.06666666666666667
0 0.11901041666666666 0.9685185185185186 0.0359375 0.06296296296296296
0 0.5033854166666667 0.8134259259259259 0.03333333333333333 0.05648148148148148
0 0.7528645833333333 0.7055555555555556 0.0328125 0.06481481481481481
0 0.7768229166666667 0.6851851851851852 0.030729166666666665 0.058333333333333334
0 0.5940104166666667 0.8731481481481481 0.034895833333333334 0.07592592592592592
0 0.4864583333333333 0.7518518518518519 0.03697916666666667 0.08796296296296297
0 0.48776041666666664 0.9291666666666667 0.0390625 0.08796296296296297
0 0.14791666666666667 0.9662037037037037 0.0375 0.06759259259259259
0 0.13723958333333333 0.8958333333333334 0.03697916666666667 0.05185185185185185
0 0.24895833333333334 0.9912037037037037 0.057291666666666664 0.017592592592592594
0 0.09609375 0.9587962962962963 0.03229166666666667 0.07777777777777778
0 0.8622395833333333 0.6453703703703704 0.0265625 0.07037037037037037
0 0.17317708333333334 0.9092592592592592 0.030729166666666665 0.05
0 0.7802083333333333 0.7361111111111112 0.030729166666666665 0.07962962962962963
0 0.11536458333333334 0.9175925925925926 0.034375 0.05648148148148148
0 0.4231770833333333 0.7800925925925926 0.0421875 0.08148148148148149
0 0.3424479166666667 0.8412037037037037 0.03854166666666667 0.0712962962962963
0 0.5645833333333333 0.8134259259259259 0.03854166666666667 0.07222222222222222
0 0.81953125 0.6337962962962963 0.029166666666666667 0.05462962962962963
0 0.8049479166666667 0.700462962962963 0.0359375 0.07037037037037037
0 0.75859375 0.6342592592592593 0.03177083333333333 0.06388888888888888
0 0.5138020833333333 0.7453703703703703 0.04010416666666667 0.08425925925925926