0 0.39114583333333336 0.6041666666666666 0.05130208333333333 0.08472222222222223
0 0.39869791666666665 0.4930555555555556 0.039322916666666666 0.06944444444444445
0 0.20234375 0.612037037037037 0.04375 0.06851851851851852
0 0.4239583333333333 0.5583333333333333 0.04453125 0.09768518518518518
0 0.26588541666666665 0.5981481481481481 0.035416666666666666 0.05277777777777778
0 0.22760416666666666 0.47453703703703703 0.028645833333333332 0.053703703703703705
0 0.51953125 0.5814814814814815 0.04375 0.10092592592592593
0 0.42630208333333336 0.512962962962963 0.034895833333333334 0.059722222222222225
0 0.8609375 0.48194444444444445 0.03333333333333333 0.04953703703703704
0 0.83046875 0.5064814814814815 0.03177083333333333 0.05648148148148148
0 0.10104166666666667 0.5356481481481481 0.038802083333333334 0.10462962962962963
0 0.3809895833333333 0.4185185185185185 0.03854166666666667 0.05555555555555555
0 0.7734375 0.5125 0.03359375 0.0787037037037037
0 0.6411458333333333 0.5708333333333333 0.04010416666666667 0.07361111111111111
0 0.35651041666666666 0.4912037037037037 0.040364583333333336 0.0824074074074074
0 0.052083333333333336 0.5851851851851851 0.051041666666666666 0.10833333333333334
0 0.058854166666666666 0.500462962962963 0.028385416666666666 0.05925925925925926
0 0.8783854166666667 0.5402777777777777 0.0390625 0.07314814814814814
0 0.7299479166666667 0.5106481481481482 0.03619791666666667 0.0912037037037037
0 0.41848958333333336 0.45787037037037037 0.03828125 0.06527777777777778
0 0.028385416666666666 0.5277777777777778 0.03229166666666667 0.0824074074074074
0 0.7325520833333333 0.42777777777777776 0.025 0.03888888888888889
0 0.21640625 0.42916666666666664 0.030729166666666665 0.055092592592592596
0 0.2752604166666667 0.5712962962962963 0.042708333333333334 0.06666666666666667
0 0.8041666666666667 0.49537037037037035 0.03229166666666667 0.05925925925925926
0 0.19375 0.5074074074074074 0.03359375 0.06851851851851852
0 0.6747395833333333 0.5518518518518518 0.030208333333333334 0.07083333333333333
0 0.7934895833333333 0.45601851851851855 0.021875 0.043055555555555555
0 0.13098958333333333 0.4652777777777778 0.030208333333333334 0.05277777777777778
0 0.4627604166666667 0.5337962962962963 0.0390625 0.08194444444444444
0 0.5484375 0.5708333333333333 0.03828125 0.09305555555555556
0 0.48541666666666666 0.46574074074074073 0.029166666666666667 0.06342592592592593
0 0.6171875 0.6083333333333333 0.03567708333333333 0.06898148148148148
0 0.19765625 0.5615740740740741 0.03515625 0.049074074074074076
0 0.24270833333333333 0.3800925925925926 0.03619791666666667 0.03888888888888889
0 0.09609375 0.4527777777777778 0.03046875 0.06712962962962964
0 0.5770833333333333 0.5388888888888889 0.03567708333333333 0.08518518518518518
0 0.3796875 0.5347222222222222 0.04739583333333333 0.08935185185185185
0 0.26458333333333334 0.6537037037037037 0.03619791666666667 0.07592592592592592
0 0.1953125 0.41435185185185186 0.024739583333333332 0.05787037037037037
0 0.22395833333333334 0.5162037037037037 0.036458333333333336 0.05740740740740741
0 0.7984375 0.5875 0.038802083333333334 0.05787037037037037
0 0.4903645833333333 0.5805555555555556 0.04140625 0.10277777777777777
0 0.048177083333333336 0.43657407407407406 0.0265625 0.062037037037037036
0 0.3770833333333333 0.3680555555555556 0.02734375 0.05416666666666667
0 0.171875 0.6055555555555555 0.028125 0.05787037037037037
0 0.7559895833333333 0.4828703703703704 0.030989583333333334 0.07546296296296297
0 0.16432291666666668 0.5388888888888889 0.04114583333333333 0.07685185185185185
0 0.44635416666666666 0.4041666666666667 0.046614583333333334 0.07175925925925926
0 0.7861979166666667 0.5486111111111112 0.03359375 0.06111111111111111
0 0.7421875 0.3912037037037037 0.028385416666666666 0.06759259259259259
0 0.14765625 0.4361111111111111 0.028645833333333332 0.058333333333333334
0 0.071875 0.549537037037037 0.03958333333333333 0.09583333333333334
0 0.3815104166666667 0.4564814814814815 0.036458333333333336 0.0587962962962963
0 0.0265625 0.6189814814814815 0.053125 0.0712962962962963
0 0.07369791666666667 0.4564814814814815 0.025260416666666667 0.055092592592592596
0 0.17734375 0.48518518518518516 0.03567708333333333 0.062037037037037036
0 0.8447916666666667 0.4546296296296296 0.03828125 0.05740740740740741
0 0.24296875 0.44907407407407407 0.03203125 0.0763888888888889
0 0.8364583333333333 0.5689814814814815 0.046614583333333334 0.08425925925925926
0 0.65 0.5194444444444445 0.033854166666666664 0.04722222222222222
0 0.7598958333333333 0.37777777777777777 0.022916666666666665 0.05185185185185185
0 0.49765625 0.38657407407407407 0.035416666666666666 0.06481481481481481
0 0.634375 0.6523148148148148 0.053385416666666664 0.06898148148148148
0 0.12369791666666667 0.500462962962963 0.028645833333333332 0.07222222222222222
0 0.8203125 0.4425925925925926 0.03333333333333333 0.050462962962962966
0 0.5841145833333333 0.39490740740740743 0.04114583333333333 0.08287037037037037
0 0.32760416666666664 0.45 0.02734375 0.075
0 0.29921875 0.40925925925925927 0.030208333333333334 0.04490740740740741
0 0.0109375 0.4759259259259259 0.021875 0.05740740740740741
0 0.35260416666666666 0.40555555555555556 0.026302083333333334 0.05740740740740741
0 0.23333333333333334 0.5814814814814815 0.03984375 0.06712962962962964
0 0.7270833333333333 0.46296296296296297 0.03203125 0.055092592592592596
0 0.9083333333333333 0.5347222222222222 0.03177083333333333 0.07083333333333333
0 0.52734375 0.3875 0.030729166666666665 0.06805555555555555
0 0.3299479166666667 0.5361111111111111 0.04375 0.0962962962962963
0 0.40520833333333334 0.3875 0.03802083333333333 0.06805555555555555
0 0.2953125 0.4791666666666667 0.05026041666666667 0.11388888888888889
0 0.7177083333333333 0.39305555555555555 0.028645833333333332 0.07453703703703704
0 0.14453125 0.5199074074074074 0.03359375 0.07453703703703704
0 0.46588541666666666 0.6333333333333333 0.0453125 0.0962962962962963
0 0.23020833333333332 0.6444444444444445 0.03567708333333333 0.05925925925925926
0 0.3302083333333333 0.3800925925925926 0.03333333333333333 0.06574074074074074
0 0.27369791666666665 0.45925925925925926 0.02578125 0.10277777777777777
0 0.69140625 0.612037037037037 0.029427083333333333 0.05555555555555555
0 0.6010416666666667 0.500462962962963 0.06302083333333333 0.12453703703703704