0 0.7567708333333333 0.8231481481481482 0.027604166666666666 0.06481481481481481
0 0.7817708333333333 0.8203703703703704 0.028125 0.05462962962962963
0 0.5776041666666667 0.9166666666666666 0.02265625 0.04675925925925926
0 0.6919270833333333 0.8601851851851852 0.03229166666666667 0.0763888888888889
0 0.58046875 0.8856481481481482 0.021875 0.040740740740740744
0 0.7109375 0.8273148148148148 0.026302083333333334 0.07037037037037037
0 0.45989583333333334 0.9087962962962963 0.029427083333333333 0.05416666666666667
0 0.6421875 0.9393518518518519 0.02734375 0.060648148148148145
0 0.4825520833333333 0.8842592592592593 0.02421875 0.05555555555555555
0 0.6856770833333333 0.7800925925925926 0.022916666666666665 0.04259259259259259
0 0.728125 0.763425925925926 0.020052083333333335 0.044444444444444446
0 0.3575520833333333 0.9254629629629629 0.03333333333333333 0.05416666666666667
0 0.34010416666666665 0.9574074074074074 0.033854166666666664 0.06388888888888888
0 0.7286458333333333 0.7939814814814815 0.0203125 0.047685185185185185
0 0.43854166666666666 0.9138888888888889 0.027864583333333335 0.05694444444444444
0 0.7299479166666667 0.8444444444444444 0.026822916666666665 0.06481481481481481
0 0.37994791666666666 0.9601851851851851 0.03723958333333333 0.06157407407407407
0 0.68203125 0.8157407407407408 0.027864583333333335 0.05138888888888889
0 0.3109375 0.9208333333333333 0.026041666666666668 0.06527777777777778
0 0.7442708333333333 0.7824074074074074 0.020052083333333335 0.04675925925925926
0 0.61171875 0.962037037037037 0.03567708333333333 0.06898148148148148
0 0.5138020833333333 0.9462962962962963 0.029166666666666667 0.06944444444444445
0 0.56015625 0.8703703703703703 0.030729166666666665 0.05462962962962963
0 0.61484375 0.913425925925926 0.028385416666666666 0.04490740740740741
0 0.4544270833333333 0.8689814814814815 0.025260416666666667 0.04351851851851852
0 0.7125 0.7768518518518519 0.022135416666666668 0.050462962962962966
0 0.81015625 0.774074074074074 0.02890625 0.05694444444444444
0 0.3966145833333333 0.9185185185185185 0.03463541666666667 0.062037037037037036
0 0.5731770833333333 0.9472222222222222 0.0234375 0.05787037037037037
0 0.5489583333333333 0.9601851851851851 0.03333333333333333 0.07546296296296297
0 0.8994791666666667 0.7828703703703703 0.027083333333333334 0.05416666666666667
0 0.640625 0.9055555555555556 0.027604166666666666 0.04861111111111111
0 0.61875 0.875 0.0390625 0.060648148148148145
0 0.7598958333333333 0.9064814814814814 0.03515625 0.05416666666666667
0 0.7442708333333333 0.8787037037037037 0.028645833333333332 0.06111111111111111
0 0.7919270833333333 0.8717592592592592 0.038802083333333334 0.08842592592592592
0 0.790625 0.7564814814814815 0.03671875 0.06574074074074074
0 0.21770833333333334 0.962037037037037 0.029166666666666667 0.056018518518518516
0 0.8302083333333333 0.8203703703703704 0.03359375 0.07361111111111111
0 0.22916666666666666 0.9356481481481481 0.030989583333333334 0.08148148148148149
0 0.28098958333333335 0.8578703703703704 0.026822916666666665 0.041666666666666664
0 0.55234375 0.9097222222222222 0.022916666666666665 0.04351851851851852
0 0.9161458333333333 0.763425925925926 0.027864583333333335 0.06388888888888888
0 0.7046875 0.7106481481481481 0.022916666666666665 0.050462962962962966
0 0.3502604166666667 0.8319444444444445 0.0265625 0.05694444444444444
0 0.33125 0.8782407407407408 0.023958333333333335 0.058333333333333334
0 0.35911458333333335 0.8842592592592593 0.03359375 0.05787037037037037
0 0.3106770833333333 0.825462962962963 0.028125 0.04583333333333333
0 0.4669270833333333 0.9495370370370371 0.02578125 0.06111111111111111
0 0.48880208333333336 0.9601851851851851 0.02890625 0.07361111111111111
0 0.25625 0.8777777777777778 0.0265625 0.04722222222222222
0 0.25885416666666666 0.837037037037037 0.0296875 0.04212962962962963
0 0.06015625 0.9375 0.026302083333333334 0.06527777777777778
0 0.5059895833333333 0.9037037037037037 0.0234375 0.04351851851851852
0 0.2830729166666667 0.887962962962963 0.029166666666666667 0.041666666666666664
0 0.011979166666666667 0.8736111111111111 0.023697916666666666 0.04861111111111111
0 0.30755208333333334 0.862037037037037 0.02890625 0.05462962962962963
0 0.20234375 0.9138888888888889 0.029947916666666668 0.058333333333333334
0 0.19947916666666668 0.8666666666666667 0.027864583333333335 0.04398148148148148
0 0.8075520833333333 0.8439814814814814 0.026822916666666665 0.06620370370370371
0 0.46484375 0.8319444444444445 0.03229166666666667 0.059722222222222225
0 0.4083333333333333 0.9694444444444444 0.03203125 0.05092592592592592
0 0.8643229166666667 0.7930555555555555 0.023958333333333335 0.06620370370370371
0 0.68984375 0.7398148148148148 0.021875 0.059722222222222225
0 0.11796875 0.9541666666666667 0.03307291666666667 0.05694444444444444
0 0.04635416666666667 0.9796296296296296 0.02578125 0.040740740740740744
0 0.8794270833333333 0.7791666666666667 0.025260416666666667 0.07037037037037037
0 0.178125 0.899537037037037 0.027864583333333335 0.07222222222222222
0 0.6690104166666667 0.7537037037037037 0.029166666666666667 0.06527777777777778
0 0.8833333333333333 0.6824074074074075 0.034895833333333334 0.05648148148148148
0 0.5244791666666667 0.9805555555555555 0.029947916666666668 0.038425925925925926
0 0.07135416666666666 0.975 0.030208333333333334 0.046296296296296294
0 0.22473958333333333 0.850925925925926 0.03697916666666667 0.04351851851851852
0 0.16588541666666667 0.9689814814814814 0.03463541666666667 0.060648148148148145
0 0.2833333333333333 0.950462962962963 0.04791666666666667 0.09675925925925925
0 0.4440104166666667 0.9787037037037037 0.03567708333333333 0.04212962962962963
0 0.421875 0.950462962962963 0.021875 0.04861111111111111
0 0.4354166666666667 0.837037037037037 0.027864583333333335 0.06435185185185185
0 0.8106770833333333 0.7050925925925926 0.029427083333333333 0.05138888888888889
0 0.08229166666666667 0.9287037037037037 0.029427083333333333 0.07453703703703704
0 0.6578125 0.9763888888888889 0.031510416666666666 0.04398148148148148
0 0.9565104166666667 0.6759259259259259 0.03567708333333333 0.049074074074074076
0 0.4122395833333333 0.8611111111111112 0.03125 0.0625
0 0.45078125 0.8027777777777778 0.026041666666666668 0.05
0 0.59375 0.799074074074074 0.040625 0.0875
0 0.5453125 0.8097222222222222 0.03463541666666667 0.08518518518518518
0 0.01640625 0.9712962962962963 0.026041666666666668 0.05555555555555555
0 0.9424479166666667 0.7351851851851852 0.03463541666666667 0.07546296296296297
0 0.36223958333333334 0.9819444444444444 0.03958333333333333 0.03611111111111111
0 0.4864583333333333 0.8138888888888889 0.040364583333333336 0.07453703703703704
0 0.18359375 0.9810185185185185 0.029427083333333333 0.03796296296296296
0 0.31692708333333336 0.9828703703703704 0.039322916666666666 0.033796296296296297
0 0.3776041666666667 0.8523148148148149 0.03333333333333333 0.07453703703703704
0 0.6377604166666667 0.9833333333333333 0.04505208333333333 0.03148148148148148
0 0.9731770833333333 0.6078703703703704 0.04895833333333333 0.06481481481481481
0 0.91640625 0.6430555555555556 0.07161458333333333 0.0625
0 0.9669270833333333 0.6944444444444444 0.06015625 0.16527777777777777
0 0.6651041666666667 0.7958333333333333 0.029427083333333333 0.2064814814814815