0 0.7234375 0.8351851851851851 0.07395833333333333 0.22685185185185186
0 0.7317708333333334 0.7111111111111111 0.06927083333333334 0.09722222222222222
0 0.7338541666666667 0.5810185185185185 0.06666666666666667 0.13703703703703704
0 0.7541666666666667 0.4449074074074074 0.08229166666666667 0.10185185185185185
0 0.7588541666666667 0.31203703703703706 0.10416666666666667 0.15185185185185185
0 0.7677083333333333 0.175 0.06979166666666667 0.12222222222222222
0 0.7588541666666667 0.09351851851851851 0.059895833333333336 0.046296296296296294
0 0.7002604166666667 0.07777777777777778 0.057291666666666664 0.05277777777777778
0 0.709375 0.1300925925925926 0.0484375 0.10277777777777777
0 0.7059895833333333 0.2375 0.07083333333333333 0.17314814814814813
0 0.70625 0.3439814814814815 0.06041666666666667 0.13055555555555556
0 0.6723958333333333 0.4027777777777778 0.06770833333333333 0.14907407407407408
0 0.6828125 0.5671296296296297 0.08229166666666667 0.16666666666666666
0 0.66875 0.6949074074074074 0.07552083333333333 0.12222222222222222
0 0.6734375 0.8263888888888888 0.06875 0.14444444444444443
0 0.6239583333333333 0.7810185185185186 0.053125 0.10648148148148148
0 0.621875 0.6592592592592592 0.07395833333333333 0.15833333333333333
0 0.6223958333333334 0.5268518518518519 0.07760416666666667 0.13148148148148148
0 0.6182291666666667 0.3523148148148148 0.0625 0.12962962962962962
0 0.64921875 0.2462962962962963 0.058854166666666666 0.09907407407407408
0 0.63046875 0.19212962962962962 0.04635416666666667 0.10185185185185185
0 0.5731770833333333 0.6726851851851852 0.05625 0.09259259259259259
0 0.5932291666666667 0.5898148148148148 0.07291666666666667 0.11666666666666667
0 0.5908854166666667 0.7615740740740741 0.051041666666666666 0.12407407407407407
0 0.5958333333333333 0.08842592592592592 0.07395833333333333 0.11296296296296296
0 0.5776041666666667 0.475 0.0515625 0.10185185185185185
0 0.70546875 0.387037037037037 0.08385416666666666 0.1287037037037037
0 0.5638020833333334 0.5689814814814815 0.0703125 0.11388888888888889
0 0.540625 0.7564814814814815 0.06666666666666667 0.10740740740740741
0 0.5453125 0.6518518518518519 0.058333333333333334 0.10740740740740741
0 0.5611979166666666 0.3814814814814815 0.053125 0.1037037037037037
0 0.5841145833333333 0.27870370370370373 0.071875 0.12777777777777777
0 0.53125 0.8495370370370371 0.06666666666666667 0.13240740740740742
0 0.51875 0.6615740740740741 0.05 0.09722222222222222
0 0.5247395833333334 0.5282407407407408 0.04375 0.08518518518518518
0 0.6703125 0.1476851851851852 0.05260416666666667 0.08425925925925926
0 0.5255208333333333 0.44305555555555554 0.06041666666666667 0.10185185185185185
0 0.51015625 0.7416666666666667 0.053125 0.10092592592592593
0 0.5515625 0.19444444444444445 0.05572916666666667 0.09907407407407408
0 0.5096354166666667 0.5796296296296296 0.052083333333333336 0.1037037037037037
0 0.48098958333333336 0.799074074074074 0.059895833333333336 0.0962962962962963