0 0.3177083333333333 0.8379629629629629 0.125 0.17916666666666667
0 0.4903645833333333 0.9180555555555555 0.14921875 0.16342592592592592
0 0.3966145833333333 0.8069444444444445 0.08151041666666667 0.1726851851851852
0 0.4765625 0.7694444444444445 0.09557291666666666 0.14027777777777778
0 0.6302083333333334 0.7592592592592593 0.09375 0.14814814814814814
0 0.71171875 0.7513888888888889 0.06953125 0.16064814814814815
0 0.55390625 0.7768518518518519 0.05546875 0.16203703703703703
0 0.4591145833333333 0.6675925925925926 0.06953125 0.14027777777777778
0 0.55 0.6050925925925926 0.05286458333333333 0.13564814814814816
0 0.5885416666666666 0.6620370370370371 0.05911458333333333 0.1449074074074074
0 0.64453125 0.5439814814814815 0.06171875 0.1310185185185185
0 0.6575520833333334 0.6356481481481482 0.06328125 0.12638888888888888
0 0.7205729166666667 0.5592592592592592 0.03984375 0.09398148148148149
0 0.7752604166666667 0.7268518518518519 0.06770833333333333 0.1449074074074074
0 0.39140625 0.6791666666666667 0.08515625 0.13287037037037036
0 0.31588541666666664 0.712037037037037 0.09557291666666666 0.1125
0 0.3294270833333333 0.6097222222222223 0.05286458333333333 0.12638888888888888
0 0.39114583333333336 0.5671296296296297 0.0546875 0.11898148148148148
0 0.47578125 0.538425925925926 0.06067708333333333 0.1449074074074074
0 0.4270833333333333 0.5138888888888888 0.046875 0.10787037037037037
0 0.5703125 0.5106481481481482 0.06432291666666666 0.10185185185185185
0 0.33203125 0.5337962962962963 0.06510416666666667 0.08009259259259259
0 0.37890625 0.4981481481481482 0.0578125 0.09768518518518518
0 0.6684895833333333 0.48842592592592593 0.05130208333333333 0.08287037037037037
0 0.7255208333333333 0.6458333333333334 0.07135416666666666 0.1162037037037037
0 0.33203125 0.4532407407407407 0.05703125 0.1162037037037037
0 0.4544270833333333 0.4546296296296296 0.05234375 0.10694444444444444
0 0.39401041666666664 0.4412037037037037 0.05625 0.10648148148148148
0 0.5044270833333333 0.4689814814814815 0.059375 0.11666666666666667
0 0.278125 0.4476851851851852 0.06770833333333333 0.09814814814814815
0 0.7598958333333333 0.6171296296296296 0.0578125 0.11851851851851852
0 0.38203125 0.3902777777777778 0.04921875 0.07731481481481481
0 0.6265625 0.43842592592592594 0.0703125 0.10740740740740741
0 0.6674479166666667 0.36018518518518516 0.0515625 0.0837962962962963
0 0.4671875 0.3685185185185185 0.04088541666666667 0.06898148148148148
0 0.5645833333333333 0.3685185185185185 0.04973958333333333 0.07731481481481481
0 0.62734375 0.3578703703703704 0.062239583333333334 0.08796296296296297
0 0.5580729166666667 0.4125 0.055989583333333336 0.07777777777777778
0 0.5140625 0.3527777777777778 0.05416666666666667 0.0837962962962963
0 0.33541666666666664 0.39166666666666666 0.05572916666666667 0.08935185185185185
0 0.3841145833333333 0.9574074074074074 0.09869791666666666 0.08333333333333333
0 0.35859375 0.3699074074074074 0.044270833333333336 0.06759259259259259