0 0.4278645833333333 0.7143518518518519 0.044270833333333336 0.07361111111111111
0 0.40520833333333334 0.6722222222222223 0.035416666666666666 0.0625
0 0.2375 0.850925925925926 0.05078125 0.06527777777777778
0 0.4708333333333333 0.6699074074074074 0.04296875 0.09074074074074075
0 0.46875 0.6134259259259259 0.03203125 0.053703703703703705
0 0.24479166666666666 0.7606481481481482 0.04192708333333333 0.0763888888888889
0 0.4356770833333333 0.6583333333333333 0.03619791666666667 0.0712962962962963
0 0.40078125 0.6277777777777778 0.03723958333333333 0.06388888888888888
0 0.43854166666666666 0.6111111111111112 0.030989583333333334 0.05185185185185185
0 0.2703125 0.812037037037037 0.034895833333333334 0.08009259259259259
0 0.28098958333333335 0.7398148148148148 0.03333333333333333 0.07824074074074074
0 0.22708333333333333 0.812037037037037 0.05 0.0625
0 0.36640625 0.6486111111111111 0.0359375 0.08611111111111111
0 0.4158854166666667 0.5731481481481482 0.027864583333333335 0.059722222222222225
0 0.02265625 0.8782407407407408 0.04505208333333333 0.06620370370370371
0 0.20963541666666666 0.7458333333333333 0.02734375 0.05416666666666667
0 0.024739583333333332 0.7666666666666667 0.036458333333333336 0.058333333333333334
0 0.016666666666666666 0.8162037037037037 0.03333333333333333 0.075
0 0.49947916666666664 0.6300925925925925 0.025260416666666667 0.06388888888888888
0 0.16302083333333334 0.7694444444444445 0.0375 0.07361111111111111
0 0.3645833333333333 0.600925925925926 0.03203125 0.05925925925925926
0 0.14010416666666667 0.7958333333333333 0.04479166666666667 0.06759259259259259
0 0.07630208333333334 0.8875 0.04635416666666667 0.08148148148148149
0 0.07994791666666666 0.8212962962962963 0.0375 0.06898148148148148
0 0.2869791666666667 0.6986111111111111 0.024479166666666666 0.06296296296296296
0 0.5518229166666667 0.5643518518518519 0.028385416666666666 0.05277777777777778
0 0.18958333333333333 0.7375 0.02578125 0.055092592592592596
0 0.10703125 0.7615740740740741 0.03333333333333333 0.062037037037037036
0 0.13072916666666667 0.7407407407407407 0.03359375 0.06666666666666667
0 0.20286458333333332 0.687037037037037 0.031510416666666666 0.059722222222222225
0 0.63515625 0.5671296296296297 0.028385416666666666 0.0625
0 0.25494791666666666 0.7078703703703704 0.027864583333333335 0.05
0 0.11588541666666667 0.8300925925925926 0.05546875 0.08148148148148149
0 0.21744791666666666 0.5726851851851852 0.028385416666666666 0.04583333333333333
0 0.22005208333333334 0.7111111111111111 0.025260416666666667 0.04861111111111111
0 0.22942708333333334 0.6847222222222222 0.029947916666666668 0.05416666666666667
0 0.2630208333333333 0.6722222222222223 0.02578125 0.059722222222222225
0 0.42864583333333334 0.5333333333333333 0.022135416666666668 0.03425925925925926
0 0.5322916666666667 0.6064814814814815 0.03854166666666667 0.07592592592592592
0 0.02578125 0.6921296296296297 0.033854166666666664 0.05324074074074074
0 0.5033854166666667 0.5828703703703704 0.02578125 0.041666666666666664
0 0.04973958333333333 0.7273148148148149 0.03515625 0.06111111111111111
0 0.19661458333333334 0.7731481481481481 0.027083333333333334 0.030555555555555555
0 0.5190104166666667 0.5546296296296296 0.03125 0.043055555555555555
0 0.109375 0.6726851851851852 0.027604166666666666 0.05787037037037037
0 0.3893229166666667 0.512962962962963 0.027083333333333334 0.07685185185185185
0 0.01484375 0.7361111111111112 0.029427083333333333 0.050462962962962966
0 0.2171875 0.6546296296296297 0.03125 0.04537037037037037
0 0.378125 0.5592592592592592 0.029427083333333333 0.050462962962962966
0 0.5682291666666667 0.5337962962962963 0.02578125 0.03564814814814815
0 0.13151041666666666 0.674074074074074 0.030729166666666665 0.07175925925925926
0 0.2903645833333333 0.6708333333333333 0.034375 0.0587962962962963
0 0.03046875 0.638425925925926 0.028385416666666666 0.06157407407407407
0 0.41119791666666666 0.4810185185185185 0.028125 0.05092592592592592
0 0.6114583333333333 0.5601851851851852 0.02578125 0.07777777777777778
0 0.084375 0.7143518518518519 0.030729166666666665 0.05648148148148148
0 0.12786458333333334 0.6138888888888889 0.034895833333333334 0.07453703703703704
0 0.08619791666666667 0.6597222222222222 0.03333333333333333 0.06620370370370371
0 0.24375 0.5703703703703704 0.024739583333333332 0.06481481481481481
0 0.009895833333333333 0.6972222222222222 0.019791666666666666 0.06805555555555555
0 0.15755208333333334 0.6134259259259259 0.04296875 0.09490740740740741
0 0.2640625 0.5782407407407407 0.024739583333333332 0.06481481481481481
0 0.24140625 0.6439814814814815 0.03125 0.04537037037037037
0 0.06927083333333334 0.7916666666666666 0.02734375 0.052314814814814814
0 0.05520833333333333 0.6513888888888889 0.028385416666666666 0.06157407407407407
0 0.36171875 0.5180555555555556 0.03229166666666667 0.06898148148148148
0 0.440625 0.5509259259259259 0.022135416666666668 0.03425925925925926
0 0.44609375 0.5777777777777777 0.031510416666666666 0.03425925925925926
0 0.4752604166666667 0.5851851851851851 0.035416666666666666 0.03888888888888889
0 0.4869791666666667 0.5537037037037037 0.02578125 0.041666666666666664
0 0.49583333333333335 0.5287037037037037 0.02265625 0.03518518518518519
0 0.5739583333333333 0.5726851851851852 0.02578125 0.03564814814814815
0 0.5861979166666667 0.5652777777777778 0.02578125 0.03564814814814815
0 0.58828125 0.5393518518518519 0.02578125 0.03564814814814815
0 0.5661458333333333 0.5064814814814815 0.02578125 0.03564814814814815
0 0.5856770833333333 0.5115740740740741 0.02578125 0.03564814814814815
0 0.6013020833333333 0.5032407407407408 0.02578125 0.03564814814814815
0 0.61640625 0.5166666666666667 0.021354166666666667 0.02546296296296296