0 0.45390625 0.8416666666666667 0.11458333333333333 0.14953703703703702
0 0.5606770833333333 0.7675925925925926 0.09375 0.1527777777777778
0 0.65546875 0.5856481481481481 0.04505208333333333 0.17453703703703705
0 0.4705729166666667 0.5962962962962963 0.052083333333333336 0.14027777777777778
0 0.3770833333333333 0.649537037037037 0.11536458333333334 0.16666666666666666
0 0.5734375 0.5879629629629629 0.10338541666666666 0.13287037037037036
0 0.53828125 0.4615740740740741 0.09192708333333334 0.1726851851851852
0 0.4466145833333333 0.44907407407407407 0.0703125 0.11435185185185186
0 0.3494791666666667 0.5032407407407408 0.09635416666666667 0.12638888888888888
0 0.565625 0.33425925925925926 0.0703125 0.14027777777777778
0 0.6432291666666666 0.3773148148148148 0.07109375 0.12175925925925926
0 0.6908854166666667 0.45601851851851855 0.08515625 0.10972222222222222
0 0.7604166666666666 0.575462962962963 0.09713541666666667 0.12638888888888888
0 0.5072916666666667 0.2847222222222222 0.03567708333333333 0.08796296296296297
0 0.46432291666666664 0.3486111111111111 0.07109375 0.07731481481481481
0 0.3932291666666667 0.31342592592592594 0.05546875 0.06157407407407407
0 0.39140625 0.3990740740740741 0.078125 0.08796296296296297
0 0.8432291666666667 0.5773148148148148 0.07213541666666666 0.1699074074074074
0 0.9018229166666667 0.5587962962962963 0.04869791666666667 0.1388888888888889
0 0.23567708333333334 0.5199074074074074 0.12421875 0.2222222222222222
0 0.6841145833333333 0.48842592592592593 0.07265625 0.1527777777777778
0 0.48359375 0.6305555555555555 0.09661458333333334 0.2361111111111111
0 0.45208333333333334 0.2851851851851852 0.06432291666666666 0.09583333333333334
0 0.6625 0.300462962962963 0.07083333333333333 0.1
0 0.7315104166666667 0.3560185185185185 0.09817708333333333 0.15138888888888888
0 0.6591145833333333 0.2462962962962963 0.0609375 0.07731481481481481
0 0.12552083333333333 0.4986111111111111 0.07994791666666666 0.1763888888888889
0 0.5932291666666667 0.26296296296296295 0.06692708333333333 0.11666666666666667
0 0.7677083333333333 0.44583333333333336 0.09609375 0.1310185185185185
0 0.5322916666666667 0.24953703703703703 0.05911458333333333 0.1125
0 0.2911458333333333 0.3597222222222222 0.08671875 0.15648148148148147
0 0.8549479166666667 0.44907407407407407 0.10026041666666667 0.15694444444444444
0 0.8276041666666667 0.3972222222222222 0.048177083333333336 0.0962962962962963
0 0.5453125 0.1597222222222222 0.03854166666666667 0.062037037037037036
0 0.4666666666666667 0.2111111111111111 0.05026041666666667 0.06111111111111111