0 0.6419270833333334 0.32546296296296295 0.14635416666666667 0.20185185185185187
0 0.42890625 0.24444444444444444 0.18229166666666666 0.21388888888888888
0 0.5515625 0.14166666666666666 0.1609375 0.22870370370370371
0 0.4513020833333333 0.4412037037037037 0.140625 0.20185185185185187
0 0.5302083333333333 0.3662037037037037 0.10052083333333334 0.1925925925925926
0 0.5744791666666667 0.5175925925925926 0.06302083333333333 0.1111111111111111
0 0.48151041666666666 0.5388888888888889 0.10520833333333333 0.1675925925925926
0 0.6546875 0.4532407407407407 0.0796875 0.14166666666666666
0 0.36223958333333334 0.44166666666666665 0.071875 0.2074074074074074
0 0.259375 0.4685185185185185 0.1359375 0.2564814814814815
0 0.384375 0.6462962962962963 0.07083333333333333 0.13240740740740742
0 0.45208333333333334 0.6736111111111112 0.08229166666666667 0.15833333333333333
0 0.5575520833333333 0.6277777777777778 0.08333333333333333 0.1175925925925926
0 0.6265625 0.6416666666666667 0.058854166666666666 0.11018518518518519
0 0.6346354166666667 0.5615740740740741 0.0984375 0.15092592592592594
0 0.24739583333333334 0.6037037037037037 0.06197916666666667 0.13055555555555556
0 0.31875 0.5805555555555556 0.1 0.13518518518518519
0 0.16119791666666666 0.47685185185185186 0.10416666666666667 0.22870370370370371
0 0.2953125 0.7171296296296297 0.13177083333333334 0.15
0 0.5263020833333333 0.6814814814814815 0.09322916666666667 0.17407407407407408
0 0.3333333333333333 0.5546296296296296 0.08697916666666666 0.16574074074074074
0 0.4361979166666667 0.7541666666666667 0.07604166666666666 0.1361111111111111
0 0.3625 0.7375 0.08125 0.12407407407407407
0 0.5747395833333333 0.6944444444444444 0.07291666666666667 0.11481481481481481
0 0.7299479166666667 0.5736111111111111 0.09739583333333333 0.1675925925925926
0 0.36692708333333335 0.7930555555555555 0.06875 0.09351851851851851
0 0.1109375 0.49398148148148147 0.10104166666666667 0.2064814814814815
0 0.15546875 0.6347222222222222 0.12760416666666666 0.19537037037037036
0 0.77734375 0.41944444444444445 0.1375 0.2212962962962963
0 0.18385416666666668 0.6856481481481481 0.058854166666666666 0.11481481481481481
0 0.49270833333333336 0.7546296296296297 0.06875 0.11851851851851852
0 0.5588541666666667 0.7754629629629629 0.0515625 0.06944444444444445
0 0.628125 0.7166666666666667 0.06822916666666666 0.11574074074074074
0 0.8643229166666667 0.39675925925925926 0.09270833333333334 0.2037037037037037
0 0.42916666666666664 0.8717592592592592 0.043229166666666666 0.07685185185185185
0 0.48151041666666666 0.8435185185185186 0.0421875 0.07777777777777778
0 0.6278645833333333 0.7805555555555556 0.0640625 0.09722222222222222
0 0.24296875 0.774074074074074 0.050520833333333334 0.0962962962962963
0 0.3125 0.8768518518518519 0.06822916666666666 0.09907407407407408
0 0.3809895833333333 0.8324074074074074 0.06822916666666666 0.09444444444444444
0 0.67578125 0.6685185185185185 0.05572916666666667 0.07592592592592592
0 0.57734375 0.8037037037037037 0.05260416666666667 0.07037037037037037
0 0.20182291666666666 0.8263888888888888 0.08229166666666667 0.15555555555555556
0 0.2630208333333333 0.8916666666666667 0.06041666666666667 0.10462962962962963
0 0.5205729166666667 0.8305555555555556 0.065625 0.10462962962962963
0 0.30364583333333334 0.8087962962962963 0.07552083333333333 0.11388888888888889
0 0.6723958333333333 0.8092592592592592 0.059895833333333336 0.12962962962962962