0 0.6442708333333333 0.7537037037037037 0.05677083333333333 0.07222222222222222
0 0.82265625 0.8203703703703704 0.058333333333333334 0.09722222222222222
0 0.6135416666666667 0.7041666666666667 0.04583333333333333 0.09444444444444444
0 0.6625 0.7106481481481481 0.0515625 0.0787037037037037
0 0.4515625 0.5726851851851852 0.046875 0.06759259259259259
0 0.5239583333333333 0.5254629629629629 0.04375 0.09814814814814815
0 0.884375 0.8199074074074074 0.05625 0.07777777777777778
0 0.6442708333333333 0.6564814814814814 0.0484375 0.09166666666666666
0 0.47421875 0.5398148148148149 0.041666666666666664 0.08148148148148149
0 0.75234375 0.7074074074074074 0.049479166666666664 0.08796296296296297
0 0.7294270833333333 0.6731481481481482 0.043229166666666666 0.08981481481481482
0 0.60625 0.625462962962963 0.03958333333333333 0.09074074074074075
0 0.9 0.7546296296296297 0.053125 0.08981481481481482
0 0.80703125 0.7537037037037037 0.06614583333333333 0.11481481481481481
0 0.44427083333333334 0.5101851851851852 0.03802083333333333 0.06944444444444445
0 0.5822916666666667 0.6754629629629629 0.034375 0.06851851851851852
0 0.6877604166666667 0.4824074074074074 0.03958333333333333 0.08611111111111111
0 0.40520833333333334 0.5287037037037037 0.05364583333333333 0.11203703703703703
0 0.5291666666666667 0.4699074074074074 0.036458333333333336 0.062037037037037036
0 0.48359375 0.49583333333333335 0.043229166666666666 0.07685185185185185
0 0.44375 0.4625 0.03802083333333333 0.07222222222222222
0 0.6033854166666667 0.5879629629629629 0.0375 0.07222222222222222
0 0.8854166666666666 0.6990740740740741 0.044270833333333336 0.06851851851851852
0 0.93828125 0.7796296296296297 0.0578125 0.09537037037037037
0 0.4114583333333333 0.4638888888888889 0.04010416666666667 0.075
0 0.6388020833333333 0.5967592592592592 0.036458333333333336 0.06018518518518518
0 0.49609375 0.4634259259259259 0.0359375 0.06574074074074074
0 0.70546875 0.638425925925926 0.03177083333333333 0.06111111111111111
0 0.4752604166666667 0.4398148148148148 0.0328125 0.06574074074074074
0 0.34661458333333334 0.4564814814814815 0.04583333333333333 0.09351851851851851
0 0.6747395833333333 0.6097222222222223 0.03177083333333333 0.062037037037037036
0 0.6984375 0.5925925925925926 0.03177083333333333 0.05740740740740741
0 0.37890625 0.48333333333333334 0.03177083333333333 0.07592592592592592
0 0.79453125 0.6726851851851852 0.04114583333333333 0.07314814814814814
0 0.890625 0.6277777777777778 0.040625 0.06388888888888888
0 0.8643229166666667 0.6574074074074074 0.041666666666666664 0.0712962962962963
0 0.51796875 0.4337962962962963 0.033854166666666664 0.06388888888888888
0 0.76796875 0.6527777777777778 0.04010416666666667 0.07592592592592592
0 0.9221354166666667 0.712037037037037 0.04114583333333333 0.06574074074074074
0 0.9705729166666667 0.8337962962962963 0.028125 0.06388888888888888
0 0.8395833333333333 0.7236111111111111 0.03802083333333333 0.075
0 0.859375 0.750462962962963 0.03854166666666667 0.08333333333333333
0 0.3671875 0.4078703703703704 0.04114583333333333 0.06574074074074074
0 0.6677083333333333 0.5796296296296296 0.03229166666666667 0.06111111111111111
0 0.8986979166666667 0.6754629629629629 0.04010416666666667 0.06388888888888888
0 0.9705729166666667 0.7097222222222223 0.044270833333333336 0.09351851851851851
0 0.49192708333333335 0.35324074074074074 0.0421875 0.06851851851851852
0 0.7528645833333333 0.5824074074074074 0.035416666666666666 0.07962962962962963
0 0.7760416666666666 0.5828703703703704 0.035416666666666666 0.07962962962962963
0 0.37942708333333336 0.4393518518518518 0.036458333333333336 0.06666666666666667
0 0.6833333333333333 0.5486111111111112 0.033854166666666664 0.05462962962962963
0 0.5096354166666667 0.3819444444444444 0.034375 0.08148148148148149
0 0.78359375 0.5254629629629629 0.041666666666666664 0.08888888888888889
0 0.4661458333333333 0.4027777777777778 0.028125 0.05555555555555555
0 0.45026041666666666 0.4212962962962963 0.028645833333333332 0.05555555555555555
0 0.79921875 0.5893518518518519 0.03229166666666667 0.06296296296296296
0 0.8255208333333334 0.6393518518518518 0.042708333333333334 0.07314814814814814
0 0.5369791666666667 0.40370370370370373 0.04010416666666667 0.08518518518518518
0 0.8315104166666667 0.5833333333333334 0.036458333333333336 0.07222222222222222
0 0.38984375 0.38287037037037036 0.034895833333333334 0.06666666666666667
0 0.9197916666666667 0.6305555555555555 0.030208333333333334 0.05648148148148148
0 0.9770833333333333 0.8638888888888889 0.0109375 0.04722222222222222
0 0.4244791666666667 0.3912037037037037 0.03177083333333333 0.06666666666666667
0 0.94140625 0.6814814814814815 0.0296875 0.06388888888888888
0 0.24765625 0.4134259259259259 0.0359375 0.07222222222222222
0 0.28125 0.36064814814814816 0.033854166666666664 0.062037037037037036
0 0.95234375 0.9018518518518519 0.05 0.10925925925925926
0 0.8901041666666667 0.575 0.034895833333333334 0.06944444444444445
0 0.4510416666666667 0.35833333333333334 0.03229166666666667 0.05555555555555555
0 0.96875 0.9032407407407408 0.027083333333333334 0.11574074074074074
0 0.9385416666666667 0.6259259259259259 0.035416666666666666 0.06666666666666667
0 0.2713541666666667 0.4083333333333333 0.033854166666666664 0.08888888888888889
0 0.22526041666666666 0.40185185185185185 0.021875 0.06481481481481481
0 0.25755208333333335 0.2949074074074074 0.021875 0.03333333333333333
0 0.3419270833333333 0.31712962962962965 0.030729166666666665 0.06574074074074074