0 0.5270833333333333 0.9388888888888889 0.037760416666666664 0.07361111111111111
0 0.5640625 0.9592592592592593 0.04088541666666667 0.07962962962962963
0 0.49947916666666664 0.9037037037037037 0.03697916666666667 0.07407407407407407
0 0.6190104166666667 0.9666666666666667 0.04739583333333333 0.06666666666666667
0 0.6 0.9416666666666667 0.03567708333333333 0.06574074074074074
0 0.7583333333333333 0.9486111111111111 0.03671875 0.06620370370370371
0 0.53671875 0.9 0.03567708333333333 0.05787037037037037
0 0.38619791666666664 0.9703703703703703 0.04088541666666667 0.05925925925925926
0 0.5927083333333333 0.8717592592592592 0.026041666666666668 0.05787037037037037
0 0.5518229166666667 0.8685185185185185 0.036458333333333336 0.062037037037037036
0 0.6669270833333333 0.9115740740740741 0.02578125 0.06620370370370371
0 0.6153645833333333 0.8712962962962963 0.028125 0.05787037037037037
0 0.7020833333333333 0.9393518518518519 0.033854166666666664 0.07916666666666666
0 0.65390625 0.9712962962962963 0.03229166666666667 0.05740740740740741
0 0.37552083333333336 0.9185185185185185 0.034895833333333334 0.05925925925925926
0 0.6796875 0.962037037037037 0.027864583333333335 0.06388888888888888
0 0.25390625 0.9078703703703703 0.03307291666666667 0.09907407407407408
0 0.2234375 0.9203703703703704 0.03515625 0.0912037037037037
0 0.7872395833333333 0.9347222222222222 0.02734375 0.06111111111111111
0 0.3893229166666667 0.8560185185185185 0.0296875 0.08425925925925926
0 0.4703125 0.8578703703703704 0.026822916666666665 0.06944444444444445
0 0.3640625 0.8384259259259259 0.030208333333333334 0.06944444444444445
0 0.8309895833333333 0.8722222222222222 0.038802083333333334 0.08935185185185185
0 0.15104166666666666 0.9236111111111112 0.03567708333333333 0.07731481481481481
0 0.5161458333333333 0.8314814814814815 0.03411458333333333 0.05925925925925926
0 0.17421875 0.9680555555555556 0.04635416666666667 0.06388888888888888
0 0.8984375 0.9384259259259259 0.04010416666666667 0.062037037037037036
0 0.35260416666666666 0.9592592592592593 0.03359375 0.04814814814814815
0 0.3302083333333333 0.9347222222222222 0.03723958333333333 0.07546296296296297
0 0.3770833333333333 0.8782407407407408 0.027604166666666666 0.05416666666666667
0 0.4236979166666667 0.9680555555555556 0.039322916666666666 0.06111111111111111
0 0.10182291666666667 0.9009259259259259 0.03177083333333333 0.06388888888888888
0 0.88828125 0.9027777777777778 0.030208333333333334 0.06388888888888888
0 0.32526041666666666 0.874537037037037 0.03359375 0.059722222222222225
0 0.6104166666666667 0.8347222222222223 0.0265625 0.04722222222222222
0 0.20078125 0.9472222222222222 0.04088541666666667 0.10046296296296296
0 0.4434895833333333 0.8199074074074074 0.030208333333333334 0.044444444444444446
0 0.4434895833333333 0.8819444444444444 0.04479166666666667 0.10092592592592593
0 0.46848958333333335 0.8004629629629629 0.029166666666666667 0.05277777777777778
0 0.1234375 0.9296296296296296 0.037760416666666664 0.07314814814814814
0 0.23098958333333333 0.8675925925925926 0.027083333333333334 0.058333333333333334
0 0.93359375 0.9069444444444444 0.043229166666666666 0.08518518518518518
0 0.7231770833333333 0.9277777777777778 0.023958333333333335 0.05092592592592592
0 0.9013020833333333 0.8462962962962963 0.030208333333333334 0.06296296296296296
0 0.6200520833333333 0.7986111111111112 0.030989583333333334 0.0587962962962963
0 0.8739583333333333 0.8685185185185185 0.029947916666666668 0.07314814814814814
0 0.7375 0.9810185185185185 0.03229166666666667 0.03796296296296296
0 0.20833333333333334 0.8708333333333333 0.025520833333333333 0.05925925925925926
0 0.85390625 0.8439814814814814 0.027604166666666666 0.06805555555555555
0 0.7294270833333333 0.8782407407407408 0.025260416666666667 0.047685185185185185
0 0.7114583333333333 0.8518518518518519 0.03177083333333333 0.05092592592592592
0 0.9239583333333333 0.8476851851851852 0.030208333333333334 0.060648148148148145
0 0.47578125 0.9472222222222222 0.04296875 0.10046296296296296
0 0.7026041666666667 0.8800925925925925 0.025 0.047685185185185185
0 0.6455729166666667 0.8458333333333333 0.03984375 0.07361111111111111
0 0.8184895833333333 0.7652777777777777 0.03125 0.07361111111111111
0 0.9703125 0.8648148148148148 0.034895833333333334 0.07314814814814814
0 0.07786458333333333 0.9425925925925925 0.03984375 0.05
0 0.24375 0.825 0.028125 0.06759259259259259
0 0.17890625 0.8930555555555556 0.028645833333333332 0.08935185185185185
0 0.509375 0.7805555555555556 0.02578125 0.05648148148148148
0 0.15338541666666666 0.8532407407407407 0.03125 0.08611111111111111
0 0.5346354166666667 0.799074074074074 0.034895833333333334 0.07083333333333333
0 0.275 0.8976851851851851 0.026041666666666668 0.08657407407407407
0 0.4192708333333333 0.8634259259259259 0.024739583333333332 0.10185185185185185
0 0.9520833333333333 0.8152777777777778 0.031510416666666666 0.056018518518518516
0 0.41354166666666664 0.7768518518518519 0.027864583333333335 0.052314814814814814
0 0.2950520833333333 0.9055555555555556 0.0296875 0.07546296296296297
0 0.0796875 0.8842592592592593 0.03203125 0.07685185185185185
0 0.9828125 0.8171296296296297 0.025260416666666667 0.05092592592592592
0 0.9135416666666667 0.7805555555555556 0.033854166666666664 0.059722222222222225
0 0.08567708333333333 0.8101851851851852 0.03671875 0.07222222222222222
0 0.875 0.7828703703703703 0.019791666666666666 0.040740740740740744
0 0.12708333333333333 0.8481481481481481 0.03177083333333333 0.05694444444444444
0 0.8018229166666667 0.9773148148148149 0.028385416666666666 0.03981481481481482
0 0.8578125 0.7972222222222223 0.024479166666666666 0.04861111111111111
0 0.22109375 0.8115740740740741 0.02578125 0.08287037037037037
0 0.7627604166666667 0.9064814814814814 0.030729166666666665 0.04027777777777778
0 0.93515625 0.7875 0.03229166666666667 0.05925925925925926
0 0.4549479166666667 0.9833333333333333 0.02578125 0.03194444444444444
0 0.8393229166666667 0.7546296296296297 0.022916666666666665 0.059722222222222225
0 0.053385416666666664 0.8083333333333333 0.0328125 0.06481481481481481
0 0.03671875 0.8574074074074074 0.0484375 0.07037037037037037
0 0.7666666666666667 0.8717592592592592 0.0390625 0.060648148148148145
0 0.9833333333333333 0.7597222222222222 0.026822916666666665 0.04398148148148148
0 0.9559895833333333 0.7393518518518518 0.032552083333333336 0.0587962962962963
0 0.059895833333333336 0.9097222222222222 0.0359375 0.06527777777777778
0 0.03359375 0.7819444444444444 0.02890625 0.07685185185185185
0 0.6466145833333333 0.7907407407407407 0.02578125 0.06527777777777778
0 0.8890625 0.8092592592592592 0.01953125 0.046296296296296294
0 0.03125 0.9027777777777778 0.030989583333333334 0.06296296296296296
0 0.6947916666666667 0.7875 0.0359375 0.07361111111111111
0 0.9018229166666667 0.7606481481481482 0.03619791666666667 0.0625
0 0.5684895833333333 0.8148148148148148 0.03671875 0.06620370370370371
0 0.8296875 0.7287037037037037 0.025 0.044444444444444446
0 0.33645833333333336 0.8087962962962963 0.024739583333333332 0.06481481481481481
0 0.8755208333333333 0.750462962962963 0.026822916666666665 0.05277777777777778
0 0.8526041666666667 0.7337962962962963 0.023177083333333334 0.05555555555555555