0 0.45625 0.7731481481481481 0.840625 0.45
0 0.4747395833333333 0.9282407407407407 0.08098958333333334 0.1412037037037037
0 0.16432291666666668 0.8560185185185185 0.25729166666666664 0.2861111111111111
0 0.58359375 0.8675925925925926 0.08098958333333334 0.14444444444444443
0 0.50703125 0.8263888888888888 0.07578125 0.15416666666666667
0 0.409375 0.8513888888888889 0.075 0.11064814814814815
0 0.33880208333333334 0.8976851851851851 0.08229166666666667 0.13657407407407407
0 0.83984375 0.9537037037037037 0.07109375 0.09027777777777778
0 0.33958333333333335 0.8037037037037037 0.048177083333333336 0.08194444444444444
0 0.3924479166666667 0.7606481481481482 0.05260416666666667 0.09259259259259259
0 0.6005208333333333 0.7796296296296297 0.06770833333333333 0.125
0 0.6255208333333333 0.9398148148148148 0.0578125 0.11157407407407408
0 0.38697916666666665 0.9486111111111111 0.08125 0.09953703703703703
0 0.4484375 0.7800925925925926 0.04583333333333333 0.12037037037037036