0 0.49166666666666664 0.5981481481481481 0.10677083333333333 0.16203703703703703
0 0.5260416666666666 0.9018518518518519 0.18567708333333333 0.19583333333333333
0 0.3106770833333333 0.8032407407407407 0.12682291666666667 0.2023148148148148
0 0.41354166666666664 0.7685185185185185 0.0703125 0.17592592592592593
0 0.3927083333333333 0.5935185185185186 0.0703125 0.125
0 0.5234375 0.4236111111111111 0.08515625 0.11898148148148148
0 0.6088541666666667 0.5 0.06692708333333333 0.13564814814814816
0 0.66796875 0.600925925925926 0.06692708333333333 0.14027777777777778
0 0.62421875 0.7398148148148148 0.08333333333333333 0.1125
0 0.7265625 0.7300925925925926 0.07630208333333334 0.17592592592592593
0 0.9028645833333333 0.6958333333333333 0.06432291666666666 0.12638888888888888
0 0.828125 0.7305555555555555 0.08515625 0.15601851851851853
0 0.7578125 0.5731481481481482 0.08671875 0.14953703703703702
0 0.73515625 0.43148148148148147 0.07994791666666666 0.09722222222222222
0 0.63984375 0.39814814814814814 0.09375 0.08657407407407407
0 0.42630208333333336 0.4736111111111111 0.09036458333333333 0.11712962962962963
0 0.34322916666666664 0.5310185185185186 0.09296875 0.11712962962962963
0 0.3138020833333333 0.6481481481481481 0.08776041666666666 0.12962962962962962
0 0.31302083333333336 0.3787037037037037 0.06171875 0.06342592592592593
0 0.34713541666666664 0.42453703703703705 0.06953125 0.10185185185185185
0 0.40677083333333336 0.38796296296296295 0.07135416666666666 0.1162037037037037
0 0.76328125 0.3736111111111111 0.050520833333333334 0.09675925925925925
0 0.8505208333333333 0.5444444444444444 0.1125 0.17222222222222222
0 0.359375 0.2662037037037037 0.06328125 0.08657407407407407
0 0.4947916666666667 0.3351851851851852 0.06536458333333334 0.12546296296296297
0 0.23411458333333332 0.487962962962963 0.09088541666666666 0.16527777777777777
0 0.5111979166666667 0.7287037037037037 0.10572916666666667 0.1675925925925926
0 0.821875 0.48194444444444445 0.05572916666666667 0.1111111111111111
0 0.8067708333333333 0.31203703703703706 0.07552083333333333 0.1486111111111111
0 0.61953125 0.2851851851851852 0.061197916666666664 0.0824074074074074
0 0.7479166666666667 0.2310185185185185 0.06848958333333334 0.09398148148148149
0 0.6973958333333333 0.22870370370370371 0.06510416666666667 0.09074074074074075
0 0.3546875 0.34953703703703703 0.06692708333333333 0.13564814814814816
0 0.4786458333333333 0.23333333333333334 0.06536458333333334 0.08703703703703704
0 0.6322916666666667 0.3212962962962963 0.06432291666666666 0.08101851851851852
0 0.46536458333333336 0.4125 0.058333333333333334 0.13518518518518519
0 0.5518229166666667 0.34814814814814815 0.07760416666666667 0.13472222222222222
0 0.6270833333333333 0.24027777777777778 0.06197916666666667 0.09398148148148149
0 0.3140625 0.2337962962962963 0.05390625 0.11851851851851852
0 0.16614583333333333 0.6615740740740741 0.13255208333333332 0.2175925925925926
0 0.43020833333333336 0.29907407407407405 0.05078125 0.07175925925925926
0 0.08333333333333333 0.6421296296296296 0.08671875 0.2175925925925926
0 0.7080729166666667 0.3194444444444444 0.08567708333333333 0.12083333333333333
0 0.56640625 0.22546296296296298 0.06770833333333333 0.10046296296296296
0 0.4122395833333333 0.2625 0.05182291666666667 0.07268518518518519
0 0.26510416666666664 0.24861111111111112 0.07552083333333333 0.07962962962962963
0 0.48125 0.28888888888888886 0.05677083333333333 0.0699074074074074
0 0.23125 0.3925925925925926 0.05234375 0.07222222222222222
0 0.3546875 0.21342592592592594 0.053125 0.07083333333333333