0 0.5557291666666667 0.49398148148148147 0.11145833333333334 0.21944444444444444
0 0.715625 0.3712962962962963 0.14635416666666667 0.362962962962963
0 0.70625 0.7662037037037037 0.1375 0.26296296296296295
0 0.665625 0.5944444444444444 0.11145833333333334 0.15925925925925927
0 0.5736979166666667 0.6671296296296296 0.08333333333333333 0.14814814814814814
0 0.453125 0.475 0.0828125 0.17314814814814813
0 0.47734375 0.3106481481481482 0.08802083333333334 0.14444444444444443
0 0.5205729166666667 0.18703703703703703 0.09114583333333333 0.14537037037037037
0 0.60625 0.23425925925925925 0.0796875 0.1685185185185185
0 0.5791666666666667 0.0712962962962963 0.1125 0.1425925925925926
0 0.48880208333333336 0.06342592592592593 0.09635416666666667 0.12685185185185185
0 0.41328125 0.10555555555555556 0.0703125 0.15925925925925927
0 0.41484375 0.2777777777777778 0.0671875 0.1814814814814815
0 0.50078125 0.6337962962962963 0.0828125 0.1814814814814815
0 0.5497395833333333 0.7662037037037037 0.08333333333333333 0.18518518518518517
0 0.6203125 0.7930555555555555 0.08958333333333333 0.1787037037037037
0 0.47213541666666664 0.850462962962963 0.04739583333333333 0.12129629629629629
0 0.4903645833333333 0.7814814814814814 0.0703125 0.1425925925925926
0 0.4578125 0.6851851851851852 0.07916666666666666 0.14814814814814814
0 0.3763020833333333 0.075 0.06197916666666667 0.09537037037037037
0 0.4005208333333333 0.7930555555555555 0.0609375 0.1287037037037037
0 0.41041666666666665 0.5435185185185185 0.0828125 0.14074074074074075
0 0.5453125 0.9342592592592592 0.103125 0.13148148148148148
0 0.6234375 0.43287037037037035 0.1140625 0.21851851851851853
0 0.35703125 0.337037037037037 0.058333333333333334 0.12407407407407407
0 0.30026041666666664 0.1259259259259259 0.06614583333333333 0.13703703703703704
0 0.30963541666666666 0.21296296296296297 0.06354166666666666 0.13240740740740742
0 0.4473958333333333 0.7837962962962963 0.08854166666666667 0.14537037037037037
0 0.3578125 0.5925925925925926 0.06145833333333333 0.13240740740740742
0 0.37421875 0.30694444444444446 0.058333333333333334 0.12962962962962962
0 0.4591145833333333 0.5782407407407407 0.08645833333333333 0.12962962962962962
0 0.40572916666666664 0.44166666666666665 0.090625 0.16296296296296298
0 0.3307291666666667 0.33287037037037037 0.06510416666666667 0.12777777777777777
0 0.3921875 0.8787037037037037 0.0765625 0.11851851851851852
0 0.40390625 0.662962962962963 0.050520833333333334 0.1037037037037037
0 0.3572916666666667 0.17592592592592593 0.08385416666666666 0.17314814814814813
0 0.33515625 0.44166666666666665 0.06927083333333334 0.1388888888888889
0 0.3875 0.7018518518518518 0.050520833333333334 0.10555555555555556
0 0.41041666666666665 0.9430555555555555 0.059375 0.11388888888888889
0 0.38776041666666666 0.5763888888888888 0.050520833333333334 0.11296296296296296
0 0.4953125 0.9675925925925926 0.04791666666666667 0.06481481481481481
0 0.37265625 0.8125 0.05 0.10740740740740741