0 0.5497395833333333 0.8912037037037037 0.0765625 0.12685185185185185
0 0.403125 0.7972222222222223 0.0546875 0.12685185185185185
0 0.5934895833333333 0.7143518518518519 0.05260416666666667 0.08703703703703704
0 0.5390625 0.662962962962963 0.04479166666666667 0.09814814814814815
0 0.56015625 0.7203703703703703 0.04114583333333333 0.08425925925925926
0 0.5973958333333333 0.8731481481481481 0.07447916666666667 0.1388888888888889
0 0.44583333333333336 0.8245370370370371 0.06875 0.12314814814814815
0 0.5169270833333334 0.7861111111111111 0.059895833333333336 0.12685185185185185
0 0.3640625 0.7143518518518519 0.059375 0.11481481481481481
0 0.58203125 0.6467592592592593 0.05520833333333333 0.10277777777777777
0 0.6213541666666667 0.7787037037037037 0.06302083333333333 0.11203703703703703
0 0.49973958333333335 0.8731481481481481 0.053125 0.12222222222222222
0 0.5802083333333333 0.7814814814814814 0.058854166666666666 0.10740740740740741
0 0.35598958333333336 0.8037037037037037 0.06822916666666666 0.13425925925925927
0 0.6192708333333333 0.6986111111111111 0.0421875 0.08148148148148149
0 0.43645833333333334 0.7263888888888889 0.059895833333333336 0.12962962962962962
0 0.6276041666666666 0.9402777777777778 0.06979166666666667 0.11944444444444445
0 0.39348958333333334 0.6421296296296296 0.0640625 0.11481481481481481
0 0.4796875 0.7217592592592592 0.058333333333333334 0.1175925925925926
0 0.5229166666666667 0.7064814814814815 0.05364583333333333 0.09722222222222222
0 0.3067708333333333 0.6930555555555555 0.051041666666666666 0.09444444444444444
0 0.31666666666666665 0.7773148148148148 0.0609375 0.1259259259259259
0 0.5325520833333334 0.5907407407407408 0.04739583333333333 0.0712962962962963
0 0.5442708333333334 0.7902777777777777 0.04739583333333333 0.09814814814814815
0 0.45651041666666664 0.6259259259259259 0.058854166666666666 0.12407407407407407
0 0.3497395833333333 0.6055555555555555 0.059895833333333336 0.13796296296296295
0 0.6442708333333333 0.7189814814814814 0.04635416666666667 0.08796296296296297
0 0.006510416666666667 0.5944444444444444 0.013020833333333334 0.1
0 0.146875 0.45 0.035416666666666666 0.06111111111111111
0 0.10182291666666667 0.5361111111111111 0.046875 0.08703703703703704
0 0.030989583333333334 0.5611111111111111 0.06197916666666667 0.1037037037037037
0 0.5127604166666667 0.9537037037037037 0.06302083333333333 0.09259259259259259
0 0.22734375 0.6287037037037037 0.06197916666666667 0.13703703703703704
0 0.022135416666666668 0.6361111111111111 0.044270833333333336 0.10925925925925926
0 0.07864583333333333 0.5504629629629629 0.05260416666666667 0.09907407407407408
0 0.010677083333333334 0.4828703703703704 0.021354166666666667 0.08611111111111111
0 0.10885416666666667 0.6421296296296296 0.06302083333333333 0.12129629629629629
0 0.12760416666666666 0.5662037037037037 0.05677083333333333 0.08888888888888889
0 0.11953125 0.46574074074074073 0.040625 0.07037037037037037
0 0.26223958333333336 0.5907407407407408 0.04895833333333333 0.12685185185185185
0 0.21927083333333333 0.5481481481481482 0.05 0.08611111111111111
0 0.26328125 0.5273148148148148 0.044270833333333336 0.08611111111111111
0 0.18203125 0.5462962962962963 0.049479166666666664 0.0824074074074074
0 0.2890625 0.5851851851851851 0.040625 0.11203703703703703
0 0.14427083333333332 0.5097222222222222 0.04791666666666667 0.08611111111111111
0 0.04088541666666667 0.5018518518518519 0.07239583333333334 0.11296296296296296
0 0.178125 0.6287037037037037 0.059895833333333336 0.12314814814814815
0 0.26119791666666664 0.4935185185185185 0.041666666666666664 0.06759259259259259
0 0.171875 0.4949074074074074 0.03854166666666667 0.06666666666666667
0 0.22708333333333333 0.47314814814814815 0.043229166666666666 0.0712962962962963
0 0.66484375 0.9564814814814815 0.07447916666666667 0.08703703703703704
0 0.03984375 0.41944444444444445 0.059375 0.10185185185185185
0 0.14270833333333333 0.624537037037037 0.05520833333333333 0.1
0 0.6544270833333333 0.9018518518518519 0.05260416666666667 0.10277777777777777
0 0.23203125 0.5083333333333333 0.04114583333333333 0.06851851851851852