0 0.36692708333333335 0.9412037037037037 0.0953125 0.1175925925925926
0 0.5046875 0.7907407407407407 0.09296875 0.13425925925925927
0 0.596875 0.8856481481481482 0.07213541666666666 0.11712962962962963
0 0.6580729166666667 0.8680555555555556 0.06770833333333333 0.15601851851851853
0 0.6140625 0.7699074074074074 0.06692708333333333 0.11435185185185186
0 0.5161458333333333 0.862037037037037 0.07213541666666666 0.125
0 0.4375 0.9189814814814815 0.07473958333333333 0.12824074074074074
0 0.4200520833333333 0.7939814814814815 0.08333333333333333 0.10046296296296296
0 0.3536458333333333 0.8425925925925926 0.06692708333333333 0.10185185185185185
0 0.43020833333333336 0.7027777777777777 0.07369791666666667 0.08796296296296297
0 0.5026041666666666 0.6666666666666666 0.07994791666666666 0.11712962962962963
0 0.5690104166666666 0.7027777777777777 0.0546875 0.10046296296296296
0 0.7565104166666666 0.8564814814814815 0.07369791666666667 0.1388888888888889
0 0.8026041666666667 0.8134259259259259 0.06692708333333333 0.12361111111111112
0 0.6802083333333333 0.7513888888888889 0.08411458333333334 0.13287037037037036
0 0.6575520833333334 0.6467592592592593 0.07369791666666667 0.09583333333333334
0 0.59296875 0.6263888888888889 0.05911458333333333 0.08333333333333333
0 0.3619791666666667 0.6759259259259259 0.03828125 0.08657407407407407
0 0.4119791666666667 0.6157407407407407 0.05130208333333333 0.08657407407407407
0 0.45651041666666664 0.6259259259259259 0.029427083333333333 0.08194444444444444
0 0.43046875 0.5569444444444445 0.05026041666666667 0.0587962962962963
0 0.40963541666666664 0.5148148148148148 0.03125 0.041666666666666664
0 0.36380208333333336 0.5856481481481481 0.057291666666666664 0.07268518518518519
0 0.7325520833333333 0.6537037037037037 0.03828125 0.08194444444444444
0 0.74921875 0.7277777777777777 0.057291666666666664 0.07268518518518519
0 0.6997395833333333 0.6652777777777777 0.041666666666666664 0.09259259259259259
0 0.53125 0.586574074074074 0.04505208333333333 0.09259259259259259