0 0.3078125 0.6888888888888889 0.13098958333333333 0.19583333333333333
0 0.5177083333333333 0.8435185185185186 0.14140625 0.22361111111111112
0 0.38723958333333336 0.899074074074074 0.12161458333333333 0.14675925925925926
0 0.4908854166666667 0.49074074074074076 0.1015625 0.1449074074074074
0 0.40703125 0.5231481481481481 0.10598958333333333 0.16342592592592592
0 0.5208333333333334 0.6296296296296297 0.125 0.1449074074074074
0 0.4231770833333333 0.6912037037037037 0.08411458333333334 0.16342592592592592
0 0.7213541666666666 0.6796296296296296 0.06432291666666666 0.23287037037037037
0 0.61640625 0.662962962962963 0.057291666666666664 0.2050925925925926
0 0.6033854166666667 0.41759259259259257 0.07630208333333334 0.1375
0 0.6544270833333333 0.5125 0.08151041666666667 0.12638888888888888
0 0.7403645833333333 0.5101851851851852 0.07994791666666666 0.1375
0 0.7309895833333333 0.38425925925925924 0.10598958333333333 0.12962962962962962
0 0.42526041666666664 0.39490740740740743 0.078125 0.08935185185185185
0 0.3234375 0.5587962962962963 0.11197916666666667 0.12962962962962962
0 0.3671875 0.45231481481481484 0.109375 0.12962962962962962
0 0.53125 0.3736111111111111 0.10234375 0.16666666666666666
0 0.35885416666666664 0.3597222222222222 0.09635416666666667 0.09583333333333334
0 0.4700520833333333 0.32731481481481484 0.05130208333333333 0.1388888888888889
0 0.63359375 0.3277777777777778 0.11458333333333333 0.08796296296296297
0 0.8151041666666666 0.4060185185185185 0.046875 0.10185185185185185
0 0.8145833333333333 0.6680555555555555 0.07734375 0.2162037037037037
0 0.8893229166666666 0.6171296296296296 0.06171875 0.18518518518518517