0 0.4278645833333333 0.5171296296296296 0.04479166666666667 0.10925925925925926
0 0.44869791666666664 0.48148148148148145 0.040364583333333336 0.09398148148148149
0 0.23151041666666666 0.35833333333333334 0.027864583333333335 0.05555555555555555
0 0.3145833333333333 0.37592592592592594 0.030208333333333334 0.06435185185185185
0 0.34427083333333336 0.43287037037037035 0.03515625 0.08287037037037037
0 0.3888020833333333 0.4638888888888889 0.04192708333333333 0.09398148148148149
0 0.4158854166666667 0.4388888888888889 0.03229166666666667 0.06435185185185185
0 0.4427083333333333 0.38425925925925924 0.03203125 0.05740740740740741
0 0.8091145833333333 0.4064814814814815 0.025520833333333333 0.05185185185185185
0 0.40234375 0.5606481481481481 0.04635416666666667 0.09212962962962963
0 0.12161458333333333 0.41805555555555557 0.03229166666666667 0.05138888888888889
0 0.2981770833333333 0.5041666666666667 0.03984375 0.07268518518518519
0 0.2591145833333333 0.35648148148148145 0.027604166666666666 0.05185185185185185
0 0.19921875 0.4537037037037037 0.033854166666666664 0.060648148148148145
0 0.8955729166666667 0.5023148148148148 0.03828125 0.0837962962962963
0 0.36953125 0.5064814814814815 0.03854166666666667 0.08657407407407407
0 0.3296875 0.4703703703703704 0.0359375 0.0587962962962963
0 0.84609375 0.4675925925925926 0.03671875 0.07175925925925926
0 0.23958333333333334 0.5361111111111111 0.041666666666666664 0.06527777777777778
0 0.496875 0.41203703703703703 0.038802083333333334 0.058333333333333334
0 0.26614583333333336 0.4203703703703704 0.0265625 0.07731481481481481
0 0.31223958333333335 0.4425925925925926 0.03411458333333333 0.06388888888888888
0 0.4140625 0.37083333333333335 0.030729166666666665 0.07175925925925926
0 0.28177083333333336 0.4675925925925926 0.028125 0.053703703703703705
0 0.74375 0.40925925925925927 0.03723958333333333 0.06944444444444445
0 0.8080729166666667 0.4777777777777778 0.03567708333333333 0.06620370370370371
0 0.33489583333333334 0.524074074074074 0.04765625 0.08148148148148149
0 0.14921875 0.49675925925925923 0.03307291666666667 0.05740740740740741
0 0.9229166666666667 0.4689814814814815 0.032552083333333336 0.062037037037037036
0 0.8213541666666667 0.3837962962962963 0.028385416666666666 0.059722222222222225
0 0.8677083333333333 0.5013888888888889 0.03125 0.08333333333333333
0 0.08619791666666667 0.4625 0.03619791666666667 0.06527777777777778
0 0.4434895833333333 0.4236111111111111 0.032552083333333336 0.04583333333333333
0 0.34322916666666664 0.37962962962962965 0.029166666666666667 0.052314814814814814
0 0.8979166666666667 0.4388888888888889 0.030989583333333334 0.05925925925925926
0 0.26223958333333336 0.49953703703703706 0.0390625 0.08333333333333333
0 0.8755208333333333 0.3490740740740741 0.03567708333333333 0.06388888888888888
0 0.83203125 0.41203703703703703 0.027083333333333334 0.05648148148148148
0 0.20598958333333334 0.41712962962962963 0.03802083333333333 0.07268518518518519
0 0.1421875 0.41064814814814815 0.029166666666666667 0.04583333333333333
0 0.8325520833333333 0.49907407407407406 0.027864583333333335 0.06018518518518518
0 0.2760416666666667 0.5592592592592592 0.055989583333333336 0.052314814814814814
0 0.7783854166666667 0.4615740740740741 0.04140625 0.07407407407407407
0 0.4869791666666667 0.4689814814814815 0.04453125 0.11157407407407408
0 0.21041666666666667 0.49583333333333335 0.028125 0.08101851851851852
0 0.5841145833333333 0.37175925925925923 0.03333333333333333 0.05462962962962963
0 0.615625 0.3699074074074074 0.0296875 0.04537037037037037
0 0.6166666666666667 0.4134259259259259 0.03463541666666667 0.059722222222222225
0 0.19869791666666667 0.3625 0.028385416666666666 0.044444444444444446
0 0.6309895833333333 0.5319444444444444 0.0375 0.06481481481481481
0 0.17291666666666666 0.4236111111111111 0.03203125 0.08657407407407407
0 0.6796875 0.5203703703703704 0.03515625 0.04861111111111111
0 0.10833333333333334 0.5106481481481482 0.04401041666666667 0.0625
0 0.85390625 0.38842592592592595 0.03802083333333333 0.06481481481481481
0 0.15598958333333332 0.5578703703703703 0.04192708333333333 0.08194444444444444
0 0.6239583333333333 0.45185185185185184 0.0375 0.06018518518518518
0 0.5518229166666667 0.4166666666666667 0.03046875 0.052314814814814814
0 0.853125 0.5458333333333333 0.0359375 0.07175925925925926
0 0.015104166666666667 0.47962962962962963 0.02421875 0.049074074074074076
0 0.19713541666666667 0.5444444444444444 0.04088541666666667 0.07037037037037037
0 0.11822916666666666 0.46574074074074073 0.03567708333333333 0.0625
0 0.6494791666666667 0.5023148148148148 0.040364583333333336 0.06296296296296296
0 0.18619791666666666 0.4847222222222222 0.03307291666666667 0.056018518518518516
0 0.9515625 0.4356481481481482 0.031510416666666666 0.050462962962962966
0 0.13541666666666666 0.47685185185185186 0.036458333333333336 0.06574074074074074
0 0.06197916666666667 0.4486111111111111 0.030208333333333334 0.058333333333333334
0 0.3106770833333333 0.5546296296296296 0.04244791666666667 0.05555555555555555
0 0.11588541666666667 0.5916666666666667 0.0609375 0.07037037037037037
0 0.6138020833333333 0.4962962962962963 0.03854166666666667 0.06111111111111111
0 0.9630208333333333 0.5587962962962963 0.04244791666666667 0.0787037037037037
0 0.03802083333333333 0.487962962962963 0.030989583333333334 0.05416666666666667
0 0.6065104166666667 0.32083333333333336 0.03854166666666667 0.03888888888888889
0 0.24192708333333332 0.44537037037037036 0.041666666666666664 0.08611111111111111
0 0.9580729166666667 0.49212962962962964 0.04296875 0.07268518518518519
0 0.020052083333333335 0.45601851851851855 0.03203125 0.049074074074074076
0 0.6625 0.5592592592592592 0.033854166666666664 0.0587962962962963
0 0.5841145833333333 0.4476851851851852 0.0375 0.08518518518518518
0 0.14973958333333334 0.375 0.027604166666666666 0.04722222222222222
0 0.54453125 0.3625 0.03229166666666667 0.07777777777777778
0 0.77734375 0.40046296296296297 0.040625 0.053703703703703705
0 0.76796875 0.34953703703703703 0.03567708333333333 0.05324074074074074
0 0.17838541666666666 0.5541666666666667 0.03125 0.07407407407407407
0 0.6768229166666667 0.3541666666666667 0.0328125 0.052314814814814814
0 0.7934895833333333 0.5254629629629629 0.04114583333333333 0.07268518518518519
0 0.5645833333333333 0.47453703703703703 0.04479166666666667 0.08888888888888889
0 0.9447916666666667 0.5347222222222222 0.027083333333333334 0.06435185185185185
0 0.76171875 0.5236111111111111 0.03619791666666667 0.08703703703703704
0 0.91015625 0.41805555555555557 0.0453125 0.05787037037037037
0 0.5283854166666667 0.4546296296296296 0.025260416666666667 0.08842592592592592
0 0.8447916666666667 0.3449074074074074 0.026041666666666668 0.05555555555555555
0 0.7130208333333333 0.3921296296296296 0.030729166666666665 0.06342592592592593
0 0.8236979166666667 0.3449074074074074 0.029166666666666667 0.05787037037037037
0 0.7940104166666667 0.35185185185185186 0.023697916666666666 0.06018518518518518
0 0.97109375 0.36435185185185187 0.027083333333333334 0.07592592592592592
0 0.709375 0.5175925925925926 0.03177083333333333 0.05
0 0.9875 0.3962962962962963 0.024739583333333332 0.047685185185185185
0 0.7348958333333333 0.3675925925925926 0.03203125 0.05740740740740741
0 0.9861979166666667 0.4351851851851852 0.027604166666666666 0.08611111111111111
0 0.071875 0.5087962962962963 0.042708333333333334 0.07268518518518519
0 0.6908854166666667 0.42685185185185187 0.04140625 0.075
0 0.7260416666666667 0.46296296296296297 0.04453125 0.08703703703703704
0 0.65 0.3921296296296296 0.037760416666666664 0.10740740740740741
0 0.28541666666666665 0.38842592592592595 0.03177083333333333 0.08981481481481482
0 0.7984375 0.3189814814814815 0.028645833333333332 0.03935185185185185
0 0.7231770833333333 0.3226851851851852 0.04192708333333333 0.04583333333333333
0 0.98203125 0.5458333333333333 0.0359375 0.075
0 0.0234375 0.4300925925925926 0.04296875 0.05740740740740741
0 0.9565104166666667 0.3472222222222222 0.0265625 0.06620370370370371
0 0.5880208333333333 0.5569444444444445 0.04609375 0.10787037037037037