0 0.8604166666666667 0.5953703703703703 0.040625 0.06851851851851852
0 0.5161458333333333 0.7263888888888889 0.046875 0.09305555555555556
0 0.8622395833333333 0.5393518518518519 0.029166666666666667 0.04953703703703704
0 0.4747395833333333 0.7064814814814815 0.0421875 0.07916666666666666
0 0.7138020833333333 0.6361111111111111 0.030989583333333334 0.09675925925925925
0 0.43515625 0.8759259259259259 0.06536458333333334 0.10138888888888889
0 0.6260416666666667 0.7537037037037037 0.0453125 0.09444444444444444
0 0.37942708333333336 0.7532407407407408 0.04791666666666667 0.08611111111111111
0 0.6239583333333333 0.8337962962962963 0.050520833333333334 0.11157407407407408
0 0.4747395833333333 0.7819444444444444 0.047135416666666666 0.10231481481481482
0 0.86875 0.6550925925925926 0.052083333333333336 0.07268518518518519
0 0.5791666666666667 0.8166666666666667 0.04140625 0.10648148148148148
0 0.7677083333333333 0.6986111111111111 0.0484375 0.12685185185185185
0 0.81484375 0.7083333333333334 0.0484375 0.11296296296296296
0 0.44114583333333335 0.712037037037037 0.034895833333333334 0.07361111111111111
0 0.7822916666666667 0.5504629629629629 0.03697916666666667 0.05648148148148148
0 0.39114583333333336 0.8444444444444444 0.06197916666666667 0.11064814814814815
0 0.6049479166666667 0.674074074074074 0.05234375 0.08842592592592592
0 0.4671875 0.6555555555555556 0.0359375 0.08657407407407407
0 0.4317708333333333 0.6393518518518518 0.0484375 0.08796296296296297
0 0.6505208333333333 0.6462962962962963 0.04739583333333333 0.12407407407407407
0 0.9200520833333333 0.649537037037037 0.039322916666666666 0.08518518518518518
0 0.3658854166666667 0.6944444444444444 0.03984375 0.07361111111111111
0 0.38984375 0.6796296296296296 0.036458333333333336 0.06851851851851852
0 0.74375 0.5912037037037037 0.03567708333333333 0.0625
0 0.8192708333333333 0.624537037037037 0.042708333333333334 0.06851851851851852
0 0.4088541666666667 0.7032407407407407 0.049479166666666664 0.0787037037037037
0 0.5463541666666667 0.6439814814814815 0.046875 0.10462962962962963
0 0.7885416666666667 0.6398148148148148 0.03828125 0.08564814814814815
0 0.9669270833333333 0.6768518518518518 0.05546875 0.09398148148148149
0 0.7510416666666667 0.5625 0.03671875 0.06620370370370371
0 0.5903645833333333 0.7398148148148148 0.04140625 0.09259259259259259
0 0.35572916666666665 0.9027777777777778 0.062239583333333334 0.10648148148148148
0 0.55703125 0.7467592592592592 0.04244791666666667 0.1037037037037037
0 0.73828125 0.6449074074074074 0.0359375 0.10138888888888889
0 0.66640625 0.8111111111111111 0.04505208333333333 0.09814814814814815
0 0.4895833333333333 0.8782407407407408 0.05234375 0.11898148148148148
0 0.3333333333333333 0.8592592592592593 0.035416666666666666 0.08425925925925926
0 0.896875 0.6310185185185185 0.0375 0.07731481481481481
0 0.5375 0.8537037037037037 0.06328125 0.13657407407407407
0 0.41901041666666666 0.7652777777777777 0.0484375 0.0912037037037037
0 0.45078125 0.7888888888888889 0.04479166666666667 0.09351851851851851
0 0.3190104166666667 0.9236111111111112 0.0578125 0.08611111111111111
0 0.975 0.7550925925925925 0.04739583333333333 0.0824074074074074
0 0.4786458333333333 0.5939814814814814 0.04635416666666667 0.053703703703703705
0 0.9658854166666667 0.612037037037037 0.06171875 0.09259259259259259
0 0.8375 0.5342592592592592 0.030729166666666665 0.050462962962962966
0 0.5184895833333333 0.7782407407407408 0.03359375 0.07824074074074074
0 0.6127604166666667 0.6032407407407407 0.0421875 0.06342592592592593
0 0.56015625 0.586574074074074 0.04765625 0.06435185185185185
0 0.7950520833333333 0.5074074074074074 0.035416666666666666 0.052314814814814814
0 0.6942708333333333 0.7527777777777778 0.046614583333333334 0.11203703703703703
0 0.45677083333333335 0.9375 0.0796875 0.11666666666666667
0 0.9697916666666667 0.5277777777777778 0.0578125 0.09583333333333334