0 0.8005208333333333 0.08287037037037037 0.033854166666666664 0.07777777777777778
0 0.8296875 0.08796296296296297 0.033854166666666664 0.06574074074074074
0 0.7252604166666666 0.04675925925925926 0.0390625 0.06851851851851852
0 0.5955729166666667 0.013425925925925926 0.026041666666666668 0.017592592592592594
0 0.7471354166666667 0.075 0.03229166666666667 0.08425925925925926
0 0.48046875 0.0125 0.028645833333333332 0.025
0 0.71640625 0.12777777777777777 0.027604166666666666 0.05092592592592592
0 0.765625 0.15046296296296297 0.024479166666666666 0.053703703703703705
0 0.7669270833333334 0.11481481481481481 0.025 0.05740740740740741
0 0.7697916666666667 0.056018518518518516 0.0328125 0.07777777777777778
0 0.71328125 0.08611111111111111 0.033854166666666664 0.062037037037037036
0 0.7848958333333333 0.12962962962962962 0.024479166666666666 0.05648148148148148
0 0.57109375 0.025 0.03697916666666667 0.04351851851851852
0 0.446875 0.01712962962962963 0.030208333333333334 0.03425925925925926
0 0.74765625 0.1337962962962963 0.027083333333333334 0.06111111111111111
0 0.8619791666666666 0.14444444444444443 0.034895833333333334 0.06851851851851852
0 0.96640625 0.14027777777777778 0.0328125 0.06574074074074074
0 0.63984375 0.02824074074074074 0.04635416666666667 0.04259259259259259
0 0.78671875 0.03518518518518519 0.034375 0.037037037037037035
0 0.8424479166666666 0.050462962962962966 0.04635416666666667 0.062037037037037036
0 0.8385416666666666 0.16342592592592592 0.044270833333333336 0.07962962962962963
0 0.8864583333333333 0.0912037037037037 0.04114583333333333 0.08888888888888889
0 0.24427083333333333 0.016203703703703703 0.03229166666666667 0.032407407407407406
0 0.9841145833333333 0.16435185185185186 0.03177083333333333 0.07685185185185185
0 0.73671875 0.21064814814814814 0.028125 0.06018518518518518
0 0.32526041666666666 0.043055555555555555 0.03229166666666667 0.06851851851851852
0 0.3033854166666667 0.011111111111111112 0.028645833333333332 0.022222222222222223
0 0.3359375 0.008796296296296297 0.03958333333333333 0.017592592592592594
0 0.2786458333333333 0.047685185185185185 0.033854166666666664 0.05555555555555555
0 0.21588541666666666 0.005555555555555556 0.03177083333333333 0.011111111111111112
0 0.21848958333333332 0.030555555555555555 0.035416666666666666 0.05185185185185185
0 0.27578125 0.018518518518518517 0.034895833333333334 0.037037037037037035
0 0.14895833333333333 0.009259259259259259 0.03333333333333333 0.018518518518518517
0 0.8606770833333334 0.062037037037037036 0.0328125 0.07962962962962963
0 0.459375 0.05138888888888889 0.0390625 0.07222222222222222
0 0.9255208333333333 0.12638888888888888 0.0296875 0.07962962962962963
0 0.7205729166666667 0.175 0.027083333333333334 0.0712962962962963
0 0.94296875 0.14351851851851852 0.03125 0.08425925925925926
0 0.69609375 0.1574074074074074 0.035416666666666666 0.0787037037037037
0 0.9453125 0.2564814814814815 0.0421875 0.06851851851851852
0 0.17838541666666666 0.01898148148148148 0.044270833333333336 0.03796296296296296
0 0.42473958333333334 0.043055555555555555 0.033854166666666664 0.07777777777777778
0 0.8609375 0.225 0.035416666666666666 0.062037037037037036
0 0.39765625 0.025925925925925925 0.03802083333333333 0.05185185185185185
0 0.44192708333333336 0.08425925925925926 0.03177083333333333 0.06111111111111111
0 0.6091145833333333 0.09907407407407408 0.049479166666666664 0.10555555555555556
0 0.553125 0.08333333333333333 0.042708333333333334 0.10277777777777777
0 0.9971354166666667 0.19814814814814816 0.005729166666666666 0.08888888888888889
0 0.48385416666666664 0.07407407407407407 0.04895833333333333 0.09074074074074075
0 0.3572916666666667 0.03287037037037037 0.040625 0.06574074074074074
0 0.9703125 0.30416666666666664 0.059375 0.07685185185185185
0 0.6921875 0.12037037037037036 0.03854166666666667 0.21944444444444444