0 0.49947916666666664 0.8731481481481481 0.0390625 0.07777777777777778
0 0.4265625 0.8935185185185185 0.0375 0.08703703703703704
0 0.53125 0.8430555555555556 0.03333333333333333 0.07314814814814814
0 0.48151041666666666 0.9300925925925926 0.0421875 0.0712962962962963
0 0.37734375 0.9601851851851851 0.0515625 0.07962962962962963
0 0.5877604166666667 0.7467592592592592 0.03958333333333333 0.08333333333333333
0 0.23984375 0.9638888888888889 0.0515625 0.07222222222222222
0 0.5296875 0.9203703703703704 0.04791666666666667 0.08425925925925926
0 0.64296875 0.7657407407407407 0.0328125 0.07685185185185185
0 0.40234375 0.9314814814814815 0.040625 0.07685185185185185
0 0.26875 0.8717592592592592 0.041666666666666664 0.06759259259259259
0 0.25 0.9152777777777777 0.03958333333333333 0.06574074074074074
0 0.18802083333333333 0.975 0.053125 0.05
0 0.6625 0.7902777777777777 0.040625 0.05925925925925926
0 0.6671875 0.7379629629629629 0.03229166666666667 0.06018518518518518
0 0.62890625 0.7291666666666666 0.03125 0.07685185185185185
0 0.3575520833333333 0.8083333333333333 0.03229166666666667 0.0787037037037037
0 0.38723958333333336 0.8828703703703704 0.0328125 0.06851851851851852
0 0.53046875 0.8087962962962963 0.030729166666666665 0.05648148148148148
0 0.31666666666666665 0.9421296296296297 0.03854166666666667 0.07407407407407407
0 0.43802083333333336 0.8208333333333333 0.0296875 0.05740740740740741
0 0.14739583333333334 0.9402777777777778 0.059375 0.11944444444444445
0 0.57890625 0.7055555555555556 0.0328125 0.062037037037037036
0 0.20859375 0.9328703703703703 0.04114583333333333 0.0787037037037037
0 0.45755208333333336 0.8671296296296296 0.029166666666666667 0.06018518518518518
0 0.22786458333333334 0.8439814814814814 0.03958333333333333 0.06388888888888888
0 0.17109375 0.8375 0.03333333333333333 0.06481481481481481
0 0.06640625 0.9263888888888889 0.033854166666666664 0.06851851851851852
0 0.6583333333333333 0.6898148148148148 0.0328125 0.07222222222222222
0 0.30625 0.8601851851851852 0.0359375 0.06574074074074074
0 0.7002604166666667 0.7592592592592593 0.0421875 0.08981481481481482
0 0.334375 0.8490740740740741 0.03333333333333333 0.06296296296296296
0 0.5026041666666666 0.9611111111111111 0.058854166666666666 0.075
0 0.5036458333333333 0.7800925925925926 0.0328125 0.06296296296296296
0 0.6270833333333333 0.674537037037037 0.0265625 0.058333333333333334
0 0.19791666666666666 0.8453703703703703 0.029166666666666667 0.06666666666666667
0 0.284375 0.9638888888888889 0.041666666666666664 0.07222222222222222
0 0.50078125 0.825925925925926 0.030729166666666665 0.053703703703703705
0 0.6067708333333334 0.6981481481481482 0.029166666666666667 0.06296296296296296
0 0.0859375 0.9921296296296296 0.041666666666666664 0.01574074074074074
0 0.17708333333333334 0.9009259259259259 0.03177083333333333 0.07777777777777778
0 0.09401041666666667 0.9319444444444445 0.03697916666666667 0.08796296296296297
0 0.3375 0.7518518518518519 0.03697916666666667 0.07222222222222222
0 0.3802083333333333 0.8055555555555556 0.03177083333333333 0.06851851851851852
0 0.5526041666666667 0.888425925925926 0.03177083333333333 0.05925925925925926
0 0.4296875 0.7152777777777778 0.03854166666666667 0.09259259259259259
0 0.054427083333333334 0.9875 0.03802083333333333 0.025
0 0.14609375 0.8736111111111111 0.0328125 0.053703703703703705
0 0.4427083333333333 0.7796296296296297 0.0359375 0.05555555555555555
0 0.5591145833333333 0.6370370370370371 0.043229166666666666 0.08425925925925926
0 0.03125 0.9800925925925926 0.034375 0.03981481481481482
0 0.21927083333333333 0.7925925925925926 0.0328125 0.06944444444444445
0 0.33177083333333335 0.9972222222222222 0.051041666666666666 0.005555555555555556
0 0.6125 0.6569444444444444 0.025520833333333333 0.05740740740740741
0 0.6888020833333334 0.6851851851851852 0.03125 0.06574074074074074
0 0.6473958333333333 0.6592592592592592 0.023958333333333335 0.06111111111111111
0 0.2875 0.8018518518518518 0.04114583333333333 0.07777777777777778
0 0.6299479166666667 0.6393518518518518 0.0234375 0.05185185185185185
0 0.36822916666666666 0.7462962962962963 0.036458333333333336 0.0787037037037037
0 0.5841145833333333 0.6180555555555556 0.0265625 0.06481481481481481
0 0.2828125 0.9231481481481482 0.034375 0.05277777777777778
0 0.7145833333333333 0.6638888888888889 0.028645833333333332 0.058333333333333334
0 0.11927083333333334 0.8685185185185185 0.028125 0.05277777777777778
0 0.715625 0.7148148148148148 0.0296875 0.07407407407407407
0 0.06640625 0.8740740740740741 0.03333333333333333 0.05555555555555555
0 0.634375 0.5884259259259259 0.030729166666666665 0.049074074074074076
0 0.60234375 0.5861111111111111 0.030208333333333334 0.05555555555555555
0 0.08567708333333333 0.8490740740740741 0.034895833333333334 0.049074074074074076
0 0.7411458333333333 0.6782407407407407 0.033854166666666664 0.06666666666666667
0 0.82265625 0.6268518518518519 0.0375 0.07222222222222222
0 0.042708333333333334 0.9106481481481481 0.0328125 0.0787037037037037
0 0.1765625 0.799074074074074 0.030729166666666665 0.05277777777777778
0 0.7 0.6097222222222223 0.034375 0.06018518518518518
0 0.6552083333333333 0.6092592592592593 0.0625 0.09166666666666666
0 0.4825520833333333 0.7060185185185185 0.04739583333333333 0.11203703703703703
0 0.753125 0.7097222222222223 0.057291666666666664 0.16018518518518518