0 0.3572916666666667 0.6657407407407407 0.05651041666666667 0.06342592592592593
0 0.23229166666666667 0.49074074074074076 0.04453125 0.08425925925925926
0 0.19166666666666668 0.5064814814814815 0.04192708333333333 0.10740740740740741
0 0.9078125 0.48518518518518516 0.03177083333333333 0.058333333333333334
0 0.17421875 0.600925925925926 0.04192708333333333 0.075
0 0.4078125 0.6537037037037037 0.046875 0.06851851851851852
0 0.3078125 0.6421296296296296 0.057291666666666664 0.08981481481481482
0 0.11979166666666667 0.5078703703703704 0.03828125 0.05787037037037037
0 0.38567708333333334 0.5967592592592592 0.046614583333333334 0.09259259259259259
0 0.4934895833333333 0.5222222222222223 0.04869791666666667 0.10277777777777777
0 0.546875 0.4828703703703704 0.040364583333333336 0.07083333333333333
0 0.3919270833333333 0.5092592592592593 0.041666666666666664 0.08148148148148149
0 0.9140625 0.42268518518518516 0.03203125 0.06388888888888888
0 0.26901041666666664 0.44814814814814813 0.031510416666666666 0.05185185185185185
0 0.4239583333333333 0.5486111111111112 0.03723958333333333 0.07685185185185185
0 0.22864583333333333 0.5337962962962963 0.044270833333333336 0.07592592592592592
0 0.7716145833333333 0.37962962962962965 0.03046875 0.05555555555555555
0 0.09427083333333333 0.5296296296296297 0.037760416666666664 0.06620370370370371
0 0.9234375 0.39166666666666666 0.03515625 0.0625
0 0.08203125 0.5597222222222222 0.042708333333333334 0.06898148148148148
0 0.03958333333333333 0.5518518518518518 0.034375 0.06898148148148148
0 0.25703125 0.5958333333333333 0.035416666666666666 0.11018518518518519
0 0.05182291666666667 0.5041666666666667 0.029166666666666667 0.049074074074074076
0 0.22526041666666666 0.5851851851851851 0.04114583333333333 0.07592592592592592
0 0.5669270833333333 0.5412037037037037 0.04869791666666667 0.10601851851851851
0 0.21536458333333333 0.6773148148148148 0.041666666666666664 0.09953703703703703
0 0.057291666666666664 0.6222222222222222 0.04869791666666667 0.08703703703703704
0 0.27239583333333334 0.4791666666666667 0.03697916666666667 0.06435185185185185
0 0.25364583333333335 0.41712962962962963 0.03463541666666667 0.06435185185185185
0 0.5033854166666667 0.4412037037037037 0.03411458333333333 0.06898148148148148
0 0.6049479166666667 0.45185185185185184 0.045572916666666664 0.06620370370370371
0 0.6841145833333333 0.4027777777777778 0.030989583333333334 0.05648148148148148
0 0.29010416666666666 0.41435185185185186 0.030208333333333334 0.05694444444444444
0 0.30859375 0.4875 0.02734375 0.07962962962962963
0 0.14609375 0.49537037037037035 0.03828125 0.058333333333333334
0 0.88125 0.4689814814814815 0.04140625 0.0699074074074074
0 0.95078125 0.5435185185185185 0.03723958333333333 0.06759259259259259
0 0.8666666666666667 0.4125 0.0375 0.053703703703703705
0 0.44166666666666665 0.6097222222222223 0.0578125 0.09444444444444444
0 0.21458333333333332 0.4356481481481482 0.03619791666666667 0.07083333333333333
0 0.42291666666666666 0.39490740740740743 0.030208333333333334 0.05648148148148148
0 0.24140625 0.6583333333333333 0.050520833333333334 0.0824074074074074
0 0.15078125 0.45231481481481484 0.036458333333333336 0.06157407407407407
0 0.9302083333333333 0.3486111111111111 0.034375 0.05416666666666667
0 0.1515625 0.575925925925926 0.0484375 0.08981481481481482
0 0.7393229166666667 0.4898148148148148 0.04401041666666667 0.08333333333333333
0 0.12838541666666667 0.5601851851851852 0.03307291666666667 0.0712962962962963
0 0.13958333333333334 0.7402777777777778 0.06432291666666666 0.07361111111111111
0 0.446875 0.4351851851851852 0.034895833333333334 0.07592592592592592
0 0.11197916666666667 0.6226851851851852 0.04973958333333333 0.07407407407407407
0 0.4270833333333333 0.5037037037037037 0.038802083333333334 0.08564814814814815
0 0.5263020833333333 0.6333333333333333 0.04921875 0.09212962962962963
0 0.7138020833333333 0.399537037037037 0.03619791666666667 0.05416666666666667
0 0.9716145833333333 0.41574074074074074 0.03854166666666667 0.058333333333333334
0 0.8458333333333333 0.42916666666666664 0.033854166666666664 0.055092592592592596
0 0.396875 0.4046296296296296 0.03229166666666667 0.055092592592592596
0 0.35625 0.5550925925925926 0.038802083333333334 0.075
0 0.33203125 0.5930555555555556 0.044270833333333336 0.10555555555555556
0 0.7963541666666667 0.4263888888888889 0.05286458333333333 0.11712962962962963
0 0.2786458333333333 0.399537037037037 0.026822916666666665 0.04583333333333333
0 0.9385416666666667 0.47129629629629627 0.0375 0.07453703703703704
0 0.06770833333333333 0.5287037037037037 0.02734375 0.055092592592592596
0 0.77109375 0.5666666666666667 0.04244791666666667 0.06111111111111111
0 0.1828125 0.43425925925925923 0.03671875 0.0625
0 0.48541666666666666 0.5833333333333334 0.041666666666666664 0.08981481481481482
0 0.83046875 0.538425925925926 0.031510416666666666 0.050462962962962966
0 0.31953125 0.43657407407407406 0.035416666666666666 0.0787037037037037
0 0.66015625 0.3824074074074074 0.03307291666666667 0.08425925925925926
0 0.7270833333333333 0.45046296296296295 0.033854166666666664 0.07083333333333333
0 0.7182291666666667 0.6018518518518519 0.04921875 0.10648148148148148
0 0.22734375 0.41064814814814815 0.030729166666666665 0.060648148148148145
0 0.8393229166666667 0.47824074074074074 0.05078125 0.09166666666666666
0 0.8067708333333333 0.5523148148148148 0.03958333333333333 0.05555555555555555
0 0.8375 0.36527777777777776 0.03307291666666667 0.05694444444444444
0 0.6572916666666667 0.4601851851851852 0.03125 0.06944444444444445
0 0.775 0.3527777777777778 0.028645833333333332 0.03518518518518519
0 0.7544270833333333 0.43194444444444446 0.0390625 0.1111111111111111
0 0.9828125 0.4986111111111111 0.03333333333333333 0.075
0 0.8979166666666667 0.35462962962962963 0.04114583333333333 0.06527777777777778
0 0.7411458333333333 0.5393518518518519 0.05390625 0.08055555555555556
0 0.47161458333333334 0.49675925925925923 0.05130208333333333 0.1087962962962963
0 0.20234375 0.5953703703703703 0.025520833333333333 0.06759259259259259
0 0.821875 0.3819444444444444 0.025260416666666667 0.05416666666666667
0 0.7158854166666667 0.33611111111111114 0.036458333333333336 0.03657407407407407
0 0.2799479166666667 0.5185185185185185 0.04791666666666667 0.08518518518518518
0 0.010677083333333334 0.5407407407407407 0.021354166666666667 0.06388888888888888
0 0.6986979166666667 0.48842592592592593 0.03619791666666667 0.10925925925925926
0 0.7973958333333333 0.3402777777777778 0.0375 0.04537037037037037
0 0.36770833333333336 0.44675925925925924 0.04583333333333333 0.10694444444444444
0 0.7231770833333333 0.5680555555555555 0.03359375 0.050462962962962966
0 0.010677083333333334 0.4930555555555556 0.021354166666666667 0.05277777777777778
0 0.7958333333333333 0.611574074074074 0.044270833333333336 0.09027777777777778
0 0.021614583333333333 0.6287037037037037 0.043229166666666666 0.11203703703703703
0 0.67734375 0.5282407407407408 0.035416666666666666 0.10648148148148148
0 0.7763020833333333 0.5314814814814814 0.047135416666666666 0.06157407407407407
0 0.86328125 0.34814814814814815 0.03229166666666667 0.07083333333333333
0 0.9859375 0.34953703703703703 0.027864583333333335 0.09074074074074075
0 0.190625 0.674074074074074 0.041666666666666664 0.09953703703703703
0 0.16171875 0.6875 0.0359375 0.09166666666666666
0 0.12473958333333333 0.6763888888888889 0.041666666666666664 0.058333333333333334