0 0.1875 0.6078703703703704 0.03802083333333333 0.06805555555555555
0 0.20729166666666668 0.6504629629629629 0.046875 0.08055555555555556
0 0.42916666666666664 0.6032407407407407 0.028385416666666666 0.05694444444444444
0 0.21848958333333332 0.7148148148148148 0.051041666666666666 0.07314814814814814
0 0.4453125 0.6717592592592593 0.0453125 0.06759259259259259
0 0.46875 0.6263888888888889 0.0421875 0.07731481481481481
0 0.6122395833333333 0.48842592592592593 0.029166666666666667 0.06574074074074074
0 0.24921875 0.5662037037037037 0.03307291666666667 0.059722222222222225
0 0.22265625 0.5337962962962963 0.03619791666666667 0.05555555555555555
0 0.10859375 0.7310185185185185 0.032552083333333336 0.047685185185185185
0 0.6546875 0.5990740740740741 0.04348958333333333 0.05694444444444444
0 0.19609375 0.5319444444444444 0.027864583333333335 0.059722222222222225
0 0.44036458333333334 0.5731481481481482 0.02890625 0.058333333333333334
0 0.4083333333333333 0.5962962962962963 0.027864583333333335 0.05787037037037037
0 0.66640625 0.4930555555555556 0.0328125 0.06527777777777778
0 0.22552083333333334 0.6023148148148149 0.039322916666666666 0.06666666666666667
0 0.4783854166666667 0.5689814814814815 0.03229166666666667 0.04953703703703704
0 0.5825520833333333 0.48564814814814816 0.03333333333333333 0.0587962962962963
0 0.16979166666666667 0.5685185185185185 0.02734375 0.05787037037037037
0 0.24739583333333334 0.6578703703703703 0.03515625 0.07546296296296297
0 0.46067708333333335 0.7138888888888889 0.06145833333333333 0.07962962962962963
0 0.6005208333333333 0.4064814814814815 0.029947916666666668 0.07546296296296297
0 0.4317708333333333 0.5162037037037037 0.0328125 0.04398148148148148
0 0.33255208333333336 0.47175925925925927 0.03515625 0.07037037037037037
0 0.6377604166666667 0.5601851851851852 0.034895833333333334 0.06898148148148148
0 0.62890625 0.5166666666666667 0.033854166666666664 0.06805555555555555
0 0.3458333333333333 0.5912037037037037 0.04088541666666667 0.07777777777777778
0 0.584375 0.5365740740740741 0.03854166666666667 0.09027777777777778
0 0.42083333333333334 0.5407407407407407 0.029427083333333333 0.05277777777777778
0 0.49635416666666665 0.6759259259259259 0.04479166666666667 0.08287037037037037
0 0.321875 0.6041666666666666 0.034375 0.06851851851851852
0 0.41770833333333335 0.6324074074074074 0.03177083333333333 0.03796296296296296
0 0.05260416666666667 0.7592592592592593 0.043229166666666666 0.06435185185185185
0 0.62890625 0.4532407407407407 0.0328125 0.06111111111111111
0 0.38697916666666665 0.6222222222222222 0.03619791666666667 0.08981481481481482
0 0.5072916666666667 0.6078703703703704 0.036458333333333336 0.08657407407407407
0 0.7002604166666667 0.5722222222222222 0.04479166666666667 0.09398148148148149
0 0.33984375 0.5254629629629629 0.032552083333333336 0.06805555555555555
0 0.16354166666666667 0.649537037037037 0.0453125 0.075
0 0.046875 0.6509259259259259 0.03984375 0.07175925925925926
0 0.5244791666666667 0.6550925925925926 0.02734375 0.04953703703703704
0 0.1359375 0.6013888888888889 0.0546875 0.10601851851851851
0 0.2747395833333333 0.6337962962962963 0.0359375 0.06805555555555555
0 0.65390625 0.39675925925925926 0.028645833333333332 0.050462962962962966
0 0.3609375 0.6481481481481481 0.04453125 0.09166666666666666
0 0.28229166666666666 0.5087962962962963 0.03125 0.06388888888888888
0 0.64609375 0.4398148148148148 0.024739583333333332 0.056018518518518516
0 0.6239583333333333 0.3861111111111111 0.02890625 0.05324074074074074
0 0.48385416666666664 0.537962962962963 0.030208333333333334 0.05694444444444444
0 0.51171875 0.5662037037037037 0.028645833333333332 0.052314814814814814
0 0.696875 0.4976851851851852 0.03125 0.058333333333333334
0 0.8447916666666667 0.5 0.03307291666666667 0.06111111111111111
0 0.041666666666666664 0.6953703703703704 0.04010416666666667 0.06342592592592593
0 0.28203125 0.7333333333333333 0.04583333333333333 0.08194444444444444
0 0.82265625 0.49074074074074076 0.02890625 0.07685185185185185
0 0.7705729166666667 0.47638888888888886 0.026822916666666665 0.04861111111111111
0 0.75625 0.5157407407407407 0.0375 0.07777777777777778
0 0.12265625 0.7023148148148148 0.037760416666666664 0.05277777777777778
0 0.7265625 0.49444444444444446 0.03203125 0.05462962962962963
0 0.5919270833333333 0.44814814814814813 0.026822916666666665 0.04675925925925926
0 0.07942708333333333 0.6606481481481481 0.03854166666666667 0.058333333333333334
0 0.4283854166666667 0.45555555555555555 0.03671875 0.08055555555555556
0 0.17578125 0.5166666666666667 0.03723958333333333 0.06666666666666667
0 0.73828125 0.462037037037037 0.03333333333333333 0.055092592592592596
0 0.8130208333333333 0.44027777777777777 0.026822916666666665 0.04259259259259259
0 0.09557291666666666 0.5930555555555556 0.029427083333333333 0.06157407407407407
0 0.80078125 0.5069444444444444 0.032552083333333336 0.07592592592592592
0 0.7208333333333333 0.43657407407407406 0.037760416666666664 0.062037037037037036
0 0.08385416666666666 0.5416666666666666 0.026302083333333334 0.041666666666666664
0 0.7598958333333333 0.39814814814814814 0.03333333333333333 0.06342592592592593
0 0.027083333333333334 0.5986111111111111 0.03125 0.06388888888888888
0 0.017708333333333333 0.6754629629629629 0.03411458333333333 0.06296296296296296
0 0.3614583333333333 0.46944444444444444 0.03723958333333333 0.0875
0 0.30026041666666664 0.6773148148148148 0.05078125 0.1
0 0.8442708333333333 0.3939814814814815 0.03567708333333333 0.0587962962962963
0 0.8666666666666667 0.375 0.03125 0.04259259259259259
0 0.08776041666666666 0.7527777777777778 0.14166666666666666 0.1685185185185185