0 0.48515625 0.024537037037037038 0.043229166666666666 0.049074074074074076
0 0.48098958333333336 0.1050925925925926 0.04114583333333333 0.08425925925925926
0 0.5065104166666666 0.06759259259259259 0.04635416666666667 0.11388888888888889
0 0.5359375 0.05 0.040625 0.1
0 0.49895833333333334 0.15648148148148147 0.04583333333333333 0.06666666666666667
0 0.5361979166666667 0.1439814814814815 0.036458333333333336 0.05648148148148148
0 0.34036458333333336 0.15324074074074073 0.036458333333333336 0.06666666666666667
0 0.20364583333333333 0.1986111111111111 0.040625 0.07592592592592592
0 0.26015625 0.2152777777777778 0.0375 0.08611111111111111
0 0.2526041666666667 0.1439814814814815 0.0421875 0.09351851851851851
0 0.36015625 0.0962962962962963 0.049479166666666664 0.10925925925925926
0 0.22265625 0.15231481481481482 0.046875 0.08518518518518518
0 0.5653645833333333 0.10462962962962963 0.04010416666666667 0.07314814814814814
0 0.31640625 0.16157407407407406 0.035416666666666666 0.07592592592592592
0 0.18020833333333333 0.22824074074074074 0.03958333333333333 0.08518518518518518
0 0.35572916666666665 0.1912037037037037 0.036458333333333336 0.08611111111111111
0 0.19869791666666667 0.15046296296296297 0.0421875 0.06759259259259259
0 0.7486979166666666 0.019444444444444445 0.04114583333333333 0.03888888888888889
0 0.12942708333333333 0.24444444444444444 0.042708333333333334 0.08055555555555556
0 0.6385416666666667 0.028703703703703703 0.042708333333333334 0.05740740740740741
0 0.434375 0.0875 0.040625 0.075
0 0.42552083333333335 0.05 0.04791666666666667 0.0787037037037037
0 0.6575520833333334 0.046296296296296294 0.04010416666666667 0.07592592592592592
0 0.6057291666666667 0.021296296296296296 0.0375 0.04259259259259259
0 0.16953125 0.17222222222222222 0.04739583333333333 0.07222222222222222
0 0.7760416666666666 0.013425925925925926 0.035416666666666666 0.026851851851851852
0 0.4549479166666667 0.14444444444444443 0.03854166666666667 0.0824074074074074
0 0.14583333333333334 0.3587962962962963 0.03802083333333333 0.08425925925925926
0 0.33541666666666664 0.2175925925925926 0.036458333333333336 0.09259259259259259
0 0.07447916666666667 0.3416666666666667 0.041666666666666664 0.07222222222222222
0 0.6151041666666667 0.052314814814814814 0.034895833333333334 0.06759259259259259
0 0.5940104166666667 0.07685185185185185 0.03697916666666667 0.07222222222222222
0 0.19244791666666666 0.2912037037037037 0.0453125 0.08055555555555556
0 0.26979166666666665 0.1037037037037037 0.04583333333333333 0.049074074074074076
0 0.10651041666666666 0.32037037037037036 0.03802083333333333 0.062037037037037036
0 0.6369791666666667 0.07962962962962963 0.03697916666666667 0.07592592592592592
0 0.63828125 0.00787037037037037 0.0421875 0.01574074074074074
0 0.28411458333333334 0.16157407407407406 0.040625 0.11296296296296296
0 0.09244791666666667 0.2689814814814815 0.043229166666666666 0.09074074074074075
0 0.15963541666666667 0.3148148148148148 0.03802083333333333 0.06759259259259259
0 0.55859375 0.02824074074074074 0.0515625 0.05648148148148148
0 0.175 0.3333333333333333 0.04635416666666667 0.08981481481481482
0 0.22109375 0.2986111111111111 0.034895833333333334 0.08611111111111111
0 0.10364583333333334 0.35555555555555557 0.03958333333333333 0.06481481481481481
0 0.40208333333333335 0.075 0.043229166666666666 0.10185185185185185
0 0.296875 0.11018518518518519 0.04635416666666667 0.0824074074074074
0 0.15546875 0.21944444444444444 0.04010416666666667 0.07685185185185185
0 0.06145833333333333 0.2777777777777778 0.0578125 0.10648148148148148
0 0.68828125 0.022685185185185187 0.044270833333333336 0.04537037037037037
0 0.7359375 0.03194444444444444 0.034375 0.06388888888888888
0 0.6158854166666666 0.10462962962962963 0.034375 0.06388888888888888
0 0.14921875 0.2763888888888889 0.034895833333333334 0.07777777777777778
0 0.5919270833333333 0.03148148148148148 0.0421875 0.06296296296296296
0 0.5919270833333333 0.11435185185185186 0.0375 0.062037037037037036
0 0.32421875 0.10694444444444444 0.04895833333333333 0.1