0 0.6026041666666667 0.5611111111111111 0.05078125 0.09444444444444444
0 0.6942708333333333 0.49212962962962964 0.03671875 0.07916666666666666
0 0.63671875 0.5189814814814815 0.040364583333333336 0.07824074074074074
0 0.6 0.48703703703703705 0.04479166666666667 0.08796296296296297
0 0.6611979166666667 0.5851851851851851 0.05416666666666667 0.09768518518518518
0 0.2674479166666667 0.43148148148148147 0.029947916666666668 0.05
0 0.6265625 0.4615740740740741 0.03125 0.06620370370370371
0 0.4278645833333333 0.5333333333333333 0.0390625 0.08194444444444444
0 0.81640625 0.45740740740740743 0.03046875 0.055092592592592596
0 0.8666666666666667 0.4263888888888889 0.03046875 0.05648148148148148
0 0.24739583333333334 0.4537037037037037 0.0390625 0.0699074074074074
0 0.3697916666666667 0.5412037037037037 0.04140625 0.0824074074074074
0 0.44453125 0.43657407407407406 0.0390625 0.0875
0 0.5942708333333333 0.40324074074074073 0.028645833333333332 0.05555555555555555
0 0.83828125 0.524537037037037 0.04895833333333333 0.10324074074074074
0 0.6864583333333333 0.42916666666666664 0.031510416666666666 0.0712962962962963
0 0.27760416666666665 0.49027777777777776 0.029166666666666667 0.05925925925925926
0 0.23776041666666667 0.48842592592592593 0.03515625 0.06805555555555555
0 0.7309895833333333 0.4777777777777778 0.0390625 0.08333333333333333
0 0.28046875 0.4425925925925926 0.03307291666666667 0.047685185185185185
0 0.63046875 0.4097222222222222 0.03567708333333333 0.0712962962962963
0 0.8526041666666667 0.4875 0.03411458333333333 0.07685185185185185
0 0.40651041666666665 0.42314814814814816 0.04244791666666667 0.07777777777777778
0 0.5770833333333333 0.6231481481481481 0.05390625 0.0625
0 0.7861979166666667 0.4935185185185185 0.040625 0.07407407407407407
0 0.3 0.48564814814814816 0.029427083333333333 0.06759259259259259
0 0.31302083333333336 0.4217592592592593 0.03359375 0.06111111111111111
0 0.29010416666666666 0.4166666666666667 0.028125 0.04583333333333333
0 0.6078125 0.4305555555555556 0.025 0.05092592592592592
0 0.25755208333333335 0.5212962962962963 0.030989583333333334 0.07083333333333333
0 0.7578125 0.5259259259259259 0.04635416666666667 0.08842592592592592
0 0.66015625 0.47175925925925927 0.0375 0.10277777777777777
0 0.28854166666666664 0.549074074074074 0.04583333333333333 0.06527777777777778
0 0.4002604166666667 0.5393518518518519 0.03203125 0.07407407407407407
0 0.7768229166666667 0.4550925925925926 0.0453125 0.07361111111111111
0 0.4044270833333333 0.4777777777777778 0.05130208333333333 0.07453703703703704
0 0.6934895833333333 0.5583333333333333 0.04401041666666667 0.08703703703703704
0 0.521875 0.6 0.04869791666666667 0.09027777777777778
0 0.2630208333333333 0.3819444444444444 0.038802083333333334 0.05555555555555555
0 0.5848958333333333 0.4398148148148148 0.02578125 0.06666666666666667
0 0.2526041666666667 0.4078703703703704 0.029427083333333333 0.04537037037037037
0 0.41432291666666665 0.36064814814814816 0.040364583333333336 0.06296296296296296
0 0.7265625 0.6199074074074075 0.052083333333333336 0.0962962962962963
0 0.6265625 0.6189814814814815 0.04869791666666667 0.07175925925925926
0 0.375 0.36574074074074076 0.03671875 0.058333333333333334
0 0.8848958333333333 0.5046296296296297 0.04114583333333333 0.07731481481481481
0 0.7393229166666667 0.5509259259259259 0.03958333333333333 0.0787037037037037
0 0.2955729166666667 0.37592592592592594 0.03723958333333333 0.060648148148148145
0 0.36744791666666665 0.6319444444444444 0.047135416666666666 0.09907407407407408
0 0.04895833333333333 0.5319444444444444 0.0375 0.06435185185185185
0 0.13177083333333334 0.4564814814814815 0.03229166666666667 0.0625
0 0.07317708333333334 0.4638888888888889 0.04114583333333333 0.07407407407407407
0 0.1203125 0.39814814814814814 0.027604166666666666 0.04398148148148148
0 0.18541666666666667 0.475462962962963 0.042708333333333334 0.07962962962962963
0 0.4356770833333333 0.39166666666666666 0.03359375 0.05185185185185185
0 0.39921875 0.6240740740740741 0.058333333333333334 0.1087962962962963
0 0.32890625 0.512962962962963 0.046875 0.09305555555555556
0 0.3229166666666667 0.612037037037037 0.04765625 0.0787037037037037
0 0.5450520833333333 0.5472222222222223 0.03958333333333333 0.1162037037037037
0 0.9044270833333333 0.40555555555555556 0.032552083333333336 0.05925925925925926
0 0.22630208333333332 0.4027777777777778 0.03411458333333333 0.04583333333333333
0 0.58828125 0.3578703703703704 0.03203125 0.04814814814814815
0 0.4747395833333333 0.43703703703703706 0.038802083333333334 0.08518518518518518
0 0.45364583333333336 0.3611111111111111 0.029947916666666668 0.06527777777777778
0 0.21979166666666666 0.4444444444444444 0.025260416666666667 0.055092592592592596
0 0.8309895833333333 0.44583333333333336 0.035416666666666666 0.053703703703703705
0 0.53671875 0.3680555555555556 0.03411458333333333 0.05277777777777778
0 0.36822916666666666 0.43842592592592594 0.04114583333333333 0.1087962962962963
0 0.0859375 0.5337962962962963 0.03671875 0.05740740740740741
0 0.5645833333333333 0.36435185185185187 0.024739583333333332 0.04722222222222222
0 0.15755208333333334 0.5120370370370371 0.034895833333333334 0.058333333333333334
0 0.3338541666666667 0.674074074074074 0.0625 0.08703703703703704
0 0.834375 0.41064814814814815 0.030989583333333334 0.04814814814814815
0 0.10911458333333333 0.4791666666666667 0.04010416666666667 0.07222222222222222
0 0.446875 0.6078703703703704 0.047135416666666666 0.08472222222222223
0 0.4591145833333333 0.538425925925926 0.03958333333333333 0.10555555555555556
0 0.12630208333333334 0.5546296296296296 0.03046875 0.06851851851851852
0 0.19921875 0.39166666666666666 0.03125 0.044444444444444446
0 0.10052083333333334 0.42824074074074076 0.027864583333333335 0.04722222222222222
0 0.023177083333333334 0.512962962962963 0.038802083333333334 0.07777777777777778
0 0.9760416666666667 0.4615740740740741 0.045572916666666664 0.08009259259259259
0 0.048177083333333336 0.48194444444444445 0.05130208333333333 0.08055555555555556
0 0.9184895833333333 0.5949074074074074 0.053125 0.09907407407407408
0 0.08385416666666666 0.43657407407407406 0.028385416666666666 0.05
0 0.14661458333333333 0.39166666666666666 0.027083333333333334 0.05925925925925926
0 0.5653645833333333 0.5314814814814814 0.03411458333333333 0.10138888888888889
0 0.38645833333333335 0.3333333333333333 0.03307291666666667 0.0375
0 0.33880208333333334 0.35138888888888886 0.03802083333333333 0.03796296296296296
0 0.8921875 0.5453703703703704 0.04791666666666667 0.06342592592592593
0 0.8106770833333333 0.39166666666666666 0.03802083333333333 0.08194444444444444
0 0.13697916666666668 0.5050925925925925 0.024739583333333332 0.05648148148148148
0 0.46119791666666665 0.4601851851851852 0.03958333333333333 0.07175925925925926
0 0.5380208333333333 0.4078703703703704 0.030729166666666665 0.08194444444444444
0 0.9252604166666667 0.45416666666666666 0.04296875 0.09953703703703703
0 0.15208333333333332 0.5439814814814815 0.038802083333333334 0.06898148148148148
0 0.96484375 0.5087962962962963 0.0515625 0.10277777777777777
0 0.20859375 0.5407407407407407 0.04869791666666667 0.07592592592592592
0 0.5630208333333333 0.4273148148148148 0.03697916666666667 0.09675925925925925
0 0.6934895833333333 0.3768518518518518 0.07005208333333333 0.09351851851851851
0 0.8778645833333333 0.4689814814814815 0.03671875 0.07361111111111111
0 0.7796875 0.37037037037037035 0.0265625 0.06157407407407407
0 0.4817708333333333 0.3787037037037037 0.029166666666666667 0.06944444444444445
0 0.9677083333333333 0.3888888888888889 0.028645833333333332 0.07037037037037037
0 0.8716145833333333 0.6018518518518519 0.05130208333333333 0.09768518518518518
0 0.15833333333333333 0.45416666666666666 0.024479166666666666 0.058333333333333334
0 0.03359375 0.425462962962963 0.036458333333333336 0.05324074074074074
0 0.3098958333333333 0.5699074074074074 0.039322916666666666 0.06805555555555555
0 0.8973958333333333 0.44074074074074077 0.036458333333333336 0.08981481481481482
0 0.011197916666666667 0.4689814814814815 0.022395833333333334 0.08657407407407407
0 0.64609375 0.3560185185185185 0.046614583333333334 0.060648148148148145
0 0.9828125 0.5523148148148148 0.033854166666666664 0.1111111111111111
0 0.8661458333333333 0.3638888888888889 0.07083333333333333 0.06111111111111111
0 0.78359375 0.4009259259259259 0.040364583333333336 0.08981481481481482