0 0.7364583333333333 0.8240740740740741 0.13541666666666666 0.2388888888888889
0 0.6052083333333333 0.5518518518518518 0.09270833333333334 0.15092592592592594
0 0.7502604166666667 0.47129629629629627 0.08645833333333333 0.22685185185185186
0 0.6640625 0.32222222222222224 0.1265625 0.10185185185185185
0 0.640625 0.14722222222222223 0.13125 0.20092592592592592
0 0.6966145833333334 0.6430555555555556 0.12604166666666666 0.15185185185185185
0 0.6700520833333333 0.4824074074074074 0.10989583333333333 0.18703703703703703
0 0.5463541666666667 0.3787037037037037 0.09010416666666667 0.1574074074074074
0 0.4940104166666667 0.2037037037037037 0.09010416666666667 0.1675925925925926
0 0.5510416666666667 0.6837962962962963 0.08125 0.13333333333333333
0 0.5981770833333333 0.8152777777777778 0.10104166666666667 0.18703703703703703
0 0.66328125 0.8537037037037037 0.0859375 0.18425925925925926
0 0.61640625 0.7087962962962963 0.07395833333333333 0.15462962962962962
0 0.49192708333333335 0.32916666666666666 0.08541666666666667 0.15
0 0.534375 0.5152777777777777 0.1140625 0.1685185185185185
0 0.6205729166666667 0.025 0.09739583333333333 0.05
0 0.5583333333333333 0.10601851851851851 0.103125 0.20185185185185187
0 0.5875 0.2763888888888889 0.08697916666666666 0.18703703703703703
0 0.5119791666666667 0.7106481481481481 0.08072916666666667 0.16111111111111112
0 0.5419270833333333 0.8180555555555555 0.0703125 0.16574074074074074