0 0.30546875 0.350462962962963 0.06197916666666667 0.10277777777777777
0 0.31302083333333336 0.4824074074074074 0.04791666666666667 0.08425925925925926
0 0.08151041666666667 0.33425925925925926 0.053125 0.08333333333333333
0 0.34375 0.4064814814814815 0.05416666666666667 0.1175925925925926
0 0.15651041666666668 0.3527777777777778 0.042708333333333334 0.06388888888888888
0 0.10989583333333333 0.4986111111111111 0.034895833333333334 0.06481481481481481
0 0.45729166666666665 0.3819444444444444 0.053125 0.12129629629629629
0 0.3458333333333333 0.4601851851851852 0.0421875 0.07222222222222222
0 0.86171875 0.512962962962963 0.04010416666666667 0.06018518518518518
0 0.8260416666666667 0.4824074074074074 0.03854166666666667 0.06759259259259259
0 0.2908854166666667 0.5703703703703704 0.04635416666666667 0.06759259259259259
0 0.7580729166666667 0.47314814814814815 0.04114583333333333 0.09444444444444444
0 0.6018229166666667 0.399537037037037 0.0484375 0.08888888888888889
0 0.2630208333333333 0.4828703703703704 0.04895833333333333 0.09907407407407408
0 0.8830729166666667 0.4444444444444444 0.04739583333333333 0.08796296296296297
0 0.7065104166666667 0.4736111111111111 0.044270833333333336 0.10925925925925926
0 0.33619791666666665 0.525 0.04583333333333333 0.0787037037037037
0 0.7083333333333334 0.5722222222222222 0.030208333333333334 0.04722222222222222
0 0.09583333333333334 0.5518518518518518 0.03697916666666667 0.06666666666666667
0 0.1671875 0.3851851851851852 0.0515625 0.08055555555555556
0 0.7942708333333334 0.4949074074074074 0.0390625 0.0712962962962963
0 0.06979166666666667 0.45787037037037037 0.04114583333333333 0.0824074074074074
0 0.64140625 0.42314814814814816 0.03697916666666667 0.08518518518518518
0 0.78125 0.5412037037037037 0.026041666666666668 0.05185185185185185
0 0.006510416666666667 0.5055555555555555 0.013020833333333334 0.06296296296296296
0 0.3893229166666667 0.43657407407407406 0.04739583333333333 0.09907407407407408
0 0.49166666666666664 0.3958333333333333 0.04635416666666667 0.11203703703703703
0 0.415625 0.5180555555555556 0.035416666666666666 0.07685185185185185
0 0.5739583333333333 0.3537037037037037 0.043229166666666666 0.0824074074074074
0 0.07526041666666666 0.39351851851851855 0.0421875 0.05925925925925926
0 0.12682291666666667 0.6106481481481482 0.043229166666666666 0.04722222222222222
0 0.5252604166666667 0.43472222222222223 0.043229166666666666 0.10277777777777777
0 0.2908854166666667 0.4324074074074074 0.057291666666666664 0.10740740740740741
0 0.15572916666666667 0.28703703703703703 0.04375 0.09074074074074075
0 0.07057291666666667 0.5680555555555555 0.030208333333333334 0.06944444444444445
0 0.10572916666666667 0.44907407407407407 0.04375 0.06944444444444445
0 0.7888020833333333 0.38472222222222224 0.046875 0.07037037037037037
0 0.42265625 0.3819444444444444 0.050520833333333334 0.12407407407407407
0 0.2859375 0.6305555555555555 0.0328125 0.06574074074074074
0 0.04505208333333333 0.34074074074074073 0.033854166666666664 0.07037037037037037
0 0.7369791666666666 0.5074074074074074 0.0375 0.09074074074074075
0 0.035416666666666666 0.41944444444444445 0.05 0.09259259259259259
0 0.3684895833333333 0.5898148148148148 0.05625 0.08703703703703704
0 0.7736979166666667 0.4305555555555556 0.040625 0.07407407407407407
0 0.7197916666666667 0.6166666666666667 0.034375 0.08148148148148149
0 0.015625 0.5416666666666666 0.03125 0.07037037037037037
0 0.29244791666666664 0.525 0.04375 0.07037037037037037
0 0.05 0.4837962962962963 0.042708333333333334 0.075
0 0.8421875 0.5449074074074074 0.04635416666666667 0.06944444444444445
0 0.12760416666666666 0.5287037037037037 0.0390625 0.09166666666666666
0 0.83359375 0.4083333333333333 0.05625 0.10185185185185185
0 0.61171875 0.4601851851851852 0.040625 0.05740740740740741
0 0.7403645833333333 0.6328703703703704 0.027604166666666666 0.062037037037037036
0 0.42916666666666664 0.6125 0.042708333333333334 0.0787037037037037
0 0.5947916666666667 0.30185185185185187 0.0640625 0.08425925925925926
0 0.8130208333333333 0.5583333333333333 0.04010416666666667 0.06111111111111111
0 0.5317708333333333 0.6060185185185185 0.05 0.1
0 0.22838541666666667 0.5310185185185186 0.03333333333333333 0.09074074074074075
0 0.19401041666666666 0.5787037037037037 0.036458333333333336 0.05462962962962963
0 0.25729166666666664 0.5847222222222223 0.03177083333333333 0.06944444444444445
0 0.11796875 0.3712962962962963 0.04791666666666667 0.08148148148148149
0 0.7026041666666667 0.5305555555555556 0.03854166666666667 0.06666666666666667
0 0.9182291666666667 0.45185185185185184 0.03854166666666667 0.08518518518518518
0 0.46458333333333335 0.6125 0.0375 0.0824074074074074
0 0.23203125 0.42916666666666664 0.053125 0.11666666666666667
0 0.31953125 0.6078703703703704 0.04583333333333333 0.08148148148148149
0 0.19036458333333334 0.49537037037037035 0.0609375 0.13703703703703704
0 0.690625 0.6129629629629629 0.034895833333333334 0.08981481481481482
0 0.016145833333333335 0.44166666666666665 0.03177083333333333 0.08981481481481482
0 0.39453125 0.31851851851851853 0.05520833333333333 0.11666666666666667
0 0.11458333333333333 0.2962962962962963 0.043229166666666666 0.0712962962962963
0 0.23072916666666668 0.6143518518518518 0.04010416666666667 0.0787037037037037
0 0.16432291666666668 0.5185185185185185 0.03177083333333333 0.12314814814814815
0 0.6619791666666667 0.3523148148148148 0.035416666666666666 0.06666666666666667
0 0.5533854166666666 0.48148148148148145 0.07604166666666666 0.15