0 0.3575520833333333 0.9537037037037037 0.11979166666666667 0.09259259259259259
0 0.4276041666666667 0.9449074074074074 0.04375 0.11018518518518519
0 0.5 0.9236111111111112 0.06770833333333333 0.09722222222222222
0 0.57890625 0.9328703703703703 0.04348958333333333 0.13425925925925927
0 0.653125 0.9157407407407407 0.06848958333333334 0.16527777777777777
0 0.73046875 0.9050925925925926 0.05807291666666667 0.10648148148148148
0 0.78828125 0.8740740740740741 0.04505208333333333 0.10324074074074074
0 0.7864583333333334 0.7694444444444445 0.05026041666666667 0.09722222222222222
0 0.7442708333333333 0.7949074074074074 0.05130208333333333 0.07083333333333333
0 0.6841145833333333 0.8092592592592592 0.08854166666666667 0.09722222222222222
0 0.6255208333333333 0.8300925925925926 0.06510416666666667 0.08657407407407407
0 0.58671875 0.7824074074074074 0.07473958333333333 0.09583333333333334
0 0.4979166666666667 0.8319444444444445 0.08255208333333333 0.12037037037037036
0 0.4244791666666667 0.8319444444444445 0.057291666666666664 0.11712962962962963
0 0.3528645833333333 0.8648148148148148 0.07213541666666666 0.10046296296296296
0 0.3684895833333333 0.7699074074074074 0.05286458333333333 0.07731481481481481
0 0.4354166666666667 0.7430555555555556 0.07890625 0.10648148148148148
0 0.50859375 0.7185185185185186 0.0625 0.11898148148148148
0 0.6041666666666666 0.6782407407407407 0.06432291666666666 0.0912037037037037
0 0.6684895833333333 0.712037037037037 0.046875 0.0912037037037037
0 0.6947916666666667 0.6689814814814815 0.05130208333333333 0.06620370370370371
0 0.41848958333333336 0.6606481481481481 0.04348958333333333 0.08657407407407407
0 0.46822916666666664 0.6796296296296296 0.0546875 0.1125
0 0.3729166666666667 0.7083333333333334 0.06328125 0.07083333333333333
0 0.7455729166666667 0.5888888888888889 0.052083333333333336 0.11574074074074074
0 0.5286458333333334 0.6305555555555555 0.05026041666666667 0.07546296296296297
0 0.6015625 0.837037037037037 0.059375 0.13194444444444445
0 0.47421875 0.624537037037037 0.053125 0.1087962962962963
0 0.36614583333333334 0.6199074074074075 0.04973958333333333 0.1037037037037037
0 0.42473958333333334 0.6078703703703704 0.052083333333333336 0.08796296296296297
0 0.5770833333333333 0.5842592592592593 0.05130208333333333 0.0787037037037037
0 0.63828125 0.6046296296296296 0.06145833333333333 0.1087962962962963
0 0.31302083333333336 0.6212962962962963 0.06510416666666667 0.09768518518518518
0 0.41432291666666665 0.5634259259259259 0.04739583333333333 0.07407407407407407
0 0.4890625 0.5486111111111112 0.04140625 0.06527777777777778
0 0.7270833333333333 0.7300925925925926 0.03984375 0.08148148148148149
0 0.5361979166666667 0.5337962962962963 0.0484375 0.09259259259259259
0 0.3684895833333333 0.5638888888888889 0.049479166666666664 0.0787037037037037
0 0.6786458333333333 0.5314814814814814 0.04739583333333333 0.08425925925925926
0 0.4578125 0.5319444444444444 0.051041666666666666 0.07685185185185185
0 0.33125 0.524074074074074 0.04453125 0.09259259259259259