0 0.23776041666666667 0.05740740740740741 0.0578125 0.08981481481481482
0 0.24322916666666666 0.1638888888888889 0.0546875 0.08148148148148149
0 0.2838541666666667 0.2050925925925926 0.04583333333333333 0.07037037037037037
0 0.28828125 0.050462962962962966 0.059895833333333336 0.10092592592592593
0 0.36380208333333336 0.055092592592592596 0.09427083333333333 0.11018518518518519
0 0.44427083333333334 0.04351851851851852 0.04583333333333333 0.08703703703703704
0 0.5130208333333334 0.05138888888888889 0.07916666666666666 0.08888888888888889
0 0.5830729166666667 0.05 0.053125 0.08518518518518518
0 0.6744791666666666 0.12361111111111112 0.058333333333333334 0.09351851851851851
0 0.6015625 0.14722222222222223 0.0546875 0.08518518518518518
0 0.52578125 0.14953703703703702 0.0640625 0.1111111111111111
0 0.5072916666666667 0.25601851851851853 0.0484375 0.09351851851851851
0 0.55 0.2962962962962963 0.040625 0.0962962962962963
0 0.5888020833333333 0.24537037037037038 0.0453125 0.06666666666666667
0 0.6453125 0.21435185185185185 0.050520833333333334 0.05925925925925926
0 0.6424479166666667 0.2875 0.03802083333333333 0.06296296296296296
0 0.5955729166666667 0.32314814814814813 0.036458333333333336 0.06388888888888888
0 0.44088541666666664 0.1865740740740741 0.050520833333333334 0.10092592592592593
0 0.40598958333333335 0.13472222222222222 0.05677083333333333 0.08703703703703704
0 0.34921875 0.1361111111111111 0.058854166666666666 0.10092592592592593
0 0.28046875 0.1361111111111111 0.0421875 0.07037037037037037
0 0.31979166666666664 0.27361111111111114 0.03854166666666667 0.07407407407407407
0 0.36041666666666666 0.24675925925925926 0.059895833333333336 0.08425925925925926
0 0.4239583333333333 0.2777777777777778 0.035416666666666666 0.04722222222222222
0 0.3703125 0.3523148148148148 0.04791666666666667 0.07314814814814814
0 0.4192708333333333 0.3333333333333333 0.0453125 0.044444444444444446
0 0.4786458333333333 0.325 0.044270833333333336 0.06759259259259259
0 0.46640625 0.4013888888888889 0.03697916666666667 0.05740740740740741
0 0.7817708333333333 0.1550925925925926 0.08489583333333334 0.11666666666666667
0 0.5791666666666667 0.38055555555555554 0.04739583333333333 0.04814814814814815
0 0.5828125 0.22361111111111112 0.07239583333333334 0.11574074074074074
0 0.4158854166666667 0.10787037037037037 0.06354166666666666 0.13796296296296295
0 0.63828125 0.36018518518518516 0.0546875 0.10648148148148148
0 0.5919270833333333 0.4125 0.04479166666666667 0.07314814814814814
0 0.5447916666666667 0.4324074074074074 0.05260416666666667 0.08333333333333333
0 0.421875 0.4027777777777778 0.0484375 0.08055555555555556
0 0.5346354166666667 0.34953703703703703 0.053125 0.10833333333333334
0 0.6322916666666667 0.41944444444444445 0.0546875 0.08703703703703704
0 0.6606770833333333 0.05138888888888889 0.09114583333333333 0.06944444444444445
0 0.6895833333333333 0.3675925925925926 0.06875 0.10277777777777777
0 0.51328125 0.41388888888888886 0.040625 0.06851851851851852
0 0.36875 0.4162037037037037 0.0515625 0.08148148148148149
0 0.7171875 0.4726851851851852 0.0578125 0.06851851851851852
0 0.7276041666666667 0.2537037037037037 0.07708333333333334 0.14074074074074075
0 0.7963541666666667 0.34120370370370373 0.053125 0.08148148148148149
0 0.6690104166666667 0.45694444444444443 0.0453125 0.09444444444444444
0 0.7697916666666667 0.26990740740740743 0.06354166666666666 0.14444444444444443