0 0.4979166666666667 0.8407407407407408 0.033854166666666664 0.06851851851851852
0 0.4315104166666667 0.8555555555555555 0.03229166666666667 0.07685185185185185
0 0.52734375 0.8157407407407408 0.02890625 0.06435185185185185
0 0.48072916666666665 0.8916666666666667 0.03697916666666667 0.0625
0 0.3859375 0.9194444444444444 0.0453125 0.08194444444444444
0 0.5802083333333333 0.7319444444444444 0.03463541666666667 0.07314814814814814
0 0.26119791666666664 0.9166666666666666 0.04505208333333333 0.07824074074074074
0 0.5244791666666667 0.8851851851851852 0.04192708333333333 0.07361111111111111
0 0.6299479166666667 0.7523148148148148 0.028385416666666666 0.06759259259259259
0 0.40911458333333334 0.888425925925926 0.035416666666666666 0.06712962962962964
0 0.2890625 0.8273148148148148 0.03671875 0.05925925925925926
0 0.2713541666666667 0.8652777777777778 0.03463541666666667 0.05694444444444444
0 0.21458333333333332 0.9333333333333333 0.047135416666666666 0.075
0 0.646875 0.775 0.03567708333333333 0.05185185185185185
0 0.65234375 0.7282407407407407 0.028385416666666666 0.052314814814814814
0 0.6177083333333333 0.7185185185185186 0.027083333333333334 0.06805555555555555
0 0.37057291666666664 0.774537037037037 0.027864583333333335 0.06944444444444445
0 0.3963541666666667 0.8435185185185186 0.028385416666666666 0.06018518518518518
0 0.52734375 0.7847222222222222 0.027083333333333334 0.04953703703703704
0 0.33125 0.8930555555555556 0.03359375 0.06527777777777778
0 0.4432291666666667 0.7902777777777777 0.02578125 0.050462962962962966
0 0.17838541666666666 0.8828703703703704 0.0515625 0.10694444444444444
0 0.57265625 0.6939814814814815 0.028645833333333332 0.05462962962962963
0 0.23385416666666667 0.8787037037037037 0.03619791666666667 0.06898148148148148
0 0.45989583333333334 0.8333333333333334 0.025260416666666667 0.05277777777777778
0 0.2526041666666667 0.799537037037037 0.034895833333333334 0.05555555555555555
0 0.20130208333333333 0.7902777777777777 0.029166666666666667 0.05648148148148148
0 0.10494791666666667 0.8648148148148148 0.0296875 0.059722222222222225
0 0.6450520833333333 0.6842592592592592 0.028125 0.06342592592592593
0 0.32317708333333334 0.8185185185185185 0.031510416666666666 0.05740740740740741
0 0.6817708333333333 0.7490740740740741 0.03671875 0.0787037037037037
0 0.3489583333333333 0.8097222222222222 0.02890625 0.05555555555555555
0 0.49921875 0.9208333333333333 0.05182291666666667 0.06481481481481481
0 0.5033854166666667 0.7569444444444444 0.028645833333333332 0.05555555555555555
0 0.6171875 0.6689814814814815 0.022916666666666665 0.05138888888888889
0 0.22578125 0.799074074074074 0.025260416666666667 0.0587962962962963
0 0.3020833333333333 0.9254629629629629 0.03619791666666667 0.09074074074074075
0 0.5 0.7986111111111112 0.027083333333333334 0.04722222222222222
0 0.5981770833333333 0.6888888888888889 0.025520833333333333 0.05555555555555555
0 0.12161458333333333 0.9481481481481482 0.03697916666666667 0.056018518518518516
0 0.20598958333333334 0.8481481481481481 0.027604166666666666 0.06898148148148148
0 0.12994791666666666 0.8712962962962963 0.03177083333333333 0.07731481481481481
0 0.3536458333333333 0.7222222222222222 0.03229166666666667 0.06342592592592593
0 0.2794270833333333 0.9722222222222222 0.049479166666666664 0.055092592592592596
0 0.39114583333333336 0.7736111111111111 0.027864583333333335 0.059722222222222225
0 0.5458333333333333 0.8578703703703704 0.027604166666666666 0.05185185185185185
0 0.43776041666666665 0.6944444444444444 0.03359375 0.08148148148148149
0 0.09296875 0.9425925925925925 0.03359375 0.06574074074074074
0 0.178125 0.8217592592592593 0.028645833333333332 0.04675925925925926
0 0.44817708333333334 0.7537037037037037 0.031510416666666666 0.04814814814814815
0 0.55625 0.6310185185185185 0.037760416666666664 0.07361111111111111
0 0.028125 0.9254629629629629 0.03203125 0.06018518518518518
0 0.07239583333333334 0.9236111111111112 0.029947916666666668 0.05740740740740741
0 0.24583333333333332 0.7527777777777778 0.028385416666666666 0.06111111111111111
0 0.34401041666666665 0.9712962962962963 0.04635416666666667 0.05740740740740741
0 0.60390625 0.6518518518518519 0.022135416666666668 0.05092592592592592
0 0.6729166666666667 0.6819444444444445 0.02734375 0.05740740740740741
0 0.6356770833333333 0.6564814814814814 0.020833333333333332 0.05416666666666667
0 0.3072916666666667 0.7648148148148148 0.03619791666666667 0.06851851851851852
0 0.6200520833333333 0.6365740740740741 0.0203125 0.046296296296296294
0 0.3815104166666667 0.7189814814814814 0.03177083333333333 0.06898148148148148
0 0.5791666666666667 0.6148148148148148 0.022916666666666665 0.05694444444444444
0 0.30104166666666665 0.8740740740740741 0.03046875 0.04537037037037037
0 0.05078125 0.9652777777777778 0.0359375 0.06481481481481481
0 0.6963541666666667 0.6638888888888889 0.025 0.05138888888888889
0 0.15416666666666667 0.8157407407407408 0.024479166666666666 0.046296296296296294
0 0.6963541666666667 0.7101851851851851 0.025520833333333333 0.06574074074074074
0 0.028645833333333332 0.9634259259259259 0.036458333333333336 0.06944444444444445
0 0.0140625 0.8796296296296297 0.02421875 0.0625
0 0.10625 0.8171296296296297 0.029427083333333333 0.04814814814814815
0 0.625 0.5912037037037037 0.027083333333333334 0.04259259259259259
0 0.59609375 0.5875 0.026302083333333334 0.049074074074074076
0 0.12395833333333334 0.7958333333333333 0.030989583333333334 0.04212962962962963
0 0.7203125 0.6782407407407407 0.029427083333333333 0.0587962962962963
0 0.7947916666666667 0.6361111111111111 0.032552083333333336 0.06388888888888888
0 0.08411458333333334 0.8495370370370371 0.028385416666666666 0.06944444444444445
0 0.20703125 0.7560185185185185 0.027083333333333334 0.046296296296296294
0 0.17526041666666667 0.9763888888888889 0.0515625 0.04398148148148148
0 0.6841145833333333 0.6143518518518518 0.030208333333333334 0.05277777777777778
0 0.6434895833333333 0.611574074074074 0.054947916666666666 0.07962962962962963
0 0.4859375 0.6888888888888889 0.04088541666666667 0.09907407407407408
0 0.73046875 0.7078703703703704 0.04895833333333333 0.14166666666666666