0 0.6052083333333333 0.425462962962963 0.0390625 0.06666666666666667
0 0.46015625 0.5564814814814815 0.05 0.07685185185185185
0 0.5640625 0.43796296296296294 0.04791666666666667 0.07777777777777778
0 0.35494791666666664 0.5986111111111111 0.040625 0.06666666666666667
0 0.5208333333333334 0.3490740740740741 0.03854166666666667 0.05925925925925926
0 0.5104166666666666 0.55 0.03854166666666667 0.06666666666666667
0 0.4739583333333333 0.4097222222222222 0.034375 0.06388888888888888
0 0.5395833333333333 0.3912037037037037 0.034375 0.06296296296296296
0 0.5416666666666666 0.5370370370370371 0.0375 0.06574074074074074
0 0.43333333333333335 0.6203703703703703 0.050520833333333334 0.07037037037037037
0 0.5481770833333334 0.4824074074074074 0.034375 0.06296296296296296
0 0.40598958333333335 0.5546296296296296 0.052083333333333336 0.10462962962962963
0 0.41119791666666666 0.3712962962962963 0.034375 0.046296296296296294
0 0.4296875 0.43472222222222223 0.035416666666666666 0.05185185185185185
0 0.35546875 0.4652777777777778 0.035416666666666666 0.06111111111111111
0 0.42083333333333334 0.4773148148148148 0.041666666666666664 0.07222222222222222
0 0.5229166666666667 0.4861111111111111 0.034895833333333334 0.07962962962962963
0 0.5747395833333333 0.3800925925925926 0.0328125 0.05555555555555555
0 0.3765625 0.4203703703703704 0.0375 0.06574074074074074
0 0.5515625 0.3523148148148148 0.027083333333333334 0.04351851851851852
0 0.50390625 0.40879629629629627 0.0375 0.07777777777777778
0 0.12395833333333334 0.5462962962962963 0.041666666666666664 0.06296296296296296
0 0.24791666666666667 0.4449074074074074 0.044270833333333336 0.07777777777777778
0 0.08125 0.5791666666666667 0.046875 0.07037037037037037
0 0.19244791666666666 0.49074074074074076 0.04895833333333333 0.06666666666666667
0 0.1671875 0.5564814814814815 0.05520833333333333 0.08148148148148149
0 0.4596354166666667 0.4708333333333333 0.046875 0.08703703703703704
0 0.06458333333333334 0.5037037037037037 0.042708333333333334 0.0787037037037037
0 0.40390625 0.5148148148148148 0.036458333333333336 0.05555555555555555
0 0.37421875 0.3875 0.03229166666666667 0.04259259259259259
0 0.6013020833333333 0.4912037037037037 0.04895833333333333 0.08518518518518518
0 0.15078125 0.4935185185185185 0.04479166666666667 0.06759259259259259
0 0.37213541666666666 0.5444444444444444 0.03958333333333333 0.09814814814814815
0 0.44557291666666665 0.37083333333333335 0.035416666666666666 0.07685185185185185
0 0.3302083333333333 0.5398148148148149 0.04114583333333333 0.05740740740740741
0 0.18046875 0.46111111111111114 0.0375 0.05092592592592592
0 0.13932291666666666 0.4300925925925926 0.05 0.07777777777777778
0 0.2015625 0.40555555555555556 0.03854166666666667 0.07037037037037037
0 0.5778645833333333 0.5180555555555556 0.04635416666666667 0.08518518518518518
0 0.3416666666666667 0.49166666666666664 0.03854166666666667 0.05555555555555555
0 0.47708333333333336 0.6074074074074074 0.03802083333333333 0.09537037037037037
0 0.31953125 0.4666666666666667 0.042708333333333334 0.06851851851851852
0 0.17239583333333333 0.6388888888888888 0.05 0.10740740740740741
0 0.21510416666666668 0.45787037037037037 0.03854166666666667 0.05462962962962963
0 0.4791666666666667 0.33564814814814814 0.035416666666666666 0.07962962962962963
0 0.7544270833333333 0.3574074074074074 0.03958333333333333 0.06481481481481481
0 0.159375 0.39444444444444443 0.0328125 0.06666666666666667
0 0.8565104166666667 0.538425925925926 0.0390625 0.08611111111111111
0 0.8283854166666667 0.5268518518518519 0.03697916666666667 0.0787037037037037
0 0.7984375 0.33935185185185185 0.035416666666666666 0.04259259259259259
0 0.04609375 0.5564814814814815 0.046875 0.08333333333333333
0 0.6364583333333333 0.4625 0.03802083333333333 0.08333333333333333
0 0.8036458333333333 0.5453703703703704 0.03854166666666667 0.08518518518518518
0 0.8505208333333333 0.48657407407407405 0.03333333333333333 0.06574074074074074
0 0.7294270833333333 0.39675925925925926 0.03333333333333333 0.07962962962962963
0 0.8375 0.44583333333333336 0.0375 0.07037037037037037
0 0.8846354166666667 0.48148148148148145 0.04375 0.07777777777777778
0 0.1984375 0.5675925925925925 0.04791666666666667 0.06481481481481481
0 0.9622395833333334 0.5347222222222222 0.0375 0.05925925925925926
0 0.39427083333333335 0.4597222222222222 0.034375 0.08148148148148149
0 0.809375 0.4648148148148148 0.040625 0.07592592592592592
0 0.10182291666666667 0.42685185185185187 0.033854166666666664 0.053703703703703705
0 0.24322916666666666 0.41203703703703703 0.028125 0.05555555555555555
0 0.9296875 0.5152777777777777 0.03958333333333333 0.06481481481481481
0 0.30416666666666664 0.4962962962962963 0.05625 0.08981481481481482
0 0.0359375 0.7643518518518518 0.06979166666666667 0.08796296296296297
0 0.011458333333333333 0.6967592592592593 0.022916666666666665 0.0824074074074074
0 0.21614583333333334 0.6282407407407408 0.06666666666666667 0.12129629629629629
0 0.3143229166666667 0.600925925925926 0.0640625 0.1111111111111111
0 0.85078125 0.37592592592592594 0.0328125 0.07222222222222222
0 0.13619791666666667 0.6166666666666667 0.05364583333333333 0.1259259259259259
0 0.2869791666666667 0.41712962962962963 0.05 0.10740740740740741
0 0.7401041666666667 0.5037037037037037 0.03958333333333333 0.09722222222222222
0 0.7572916666666667 0.42083333333333334 0.0484375 0.08611111111111111
0 0.9830729166666666 0.5861111111111111 0.033854166666666664 0.06111111111111111
0 0.7723958333333333 0.4842592592592593 0.03802083333333333 0.07777777777777778
0 0.9658854166666667 0.5703703703703704 0.041666666666666664 0.0712962962962963
0 0.7075520833333333 0.4152777777777778 0.0421875 0.10925925925925926
0 0.8864583333333333 0.5712962962962963 0.05 0.11203703703703703
0 0.012760416666666666 0.6194444444444445 0.025520833333333333 0.07222222222222222
0 0.909375 0.4185185185185185 0.034375 0.07592592592592592
0 0.715625 0.34444444444444444 0.04010416666666667 0.05
0 0.6888020833333334 0.39537037037037037 0.03333333333333333 0.07962962962962963
0 0.7682291666666666 0.562037037037037 0.041666666666666664 0.1111111111111111
0 0.10390625 0.6555555555555556 0.0796875 0.12407407407407407
0 0.7919270833333333 0.47638888888888886 0.035416666666666666 0.07777777777777778
0 0.7924479166666667 0.38796296296296295 0.035416666666666666 0.09351851851851851
0 0.03984375 0.46944444444444444 0.03854166666666667 0.08333333333333333
0 0.5565104166666667 0.5680555555555555 0.05 0.10092592592592593
0 0.013541666666666667 0.48703703703703705 0.027083333333333334 0.09814814814814815
0 0.2453125 0.5046296296296297 0.06145833333333333 0.12777777777777777
0 0.92265625 0.5550925925925926 0.03958333333333333 0.06296296296296296
0 0.8283854166666667 0.3726851851851852 0.033854166666666664 0.07314814814814814
0 0.9177083333333333 0.46805555555555556 0.021875 0.05555555555555555
0 0.6783854166666666 0.35694444444444445 0.03958333333333333 0.07407407407407407