0 0.5385416666666667 0.5 0.9229166666666667 1
0 0.6447916666666667 0.22083333333333333 0.20677083333333332 0.33055555555555555
0 0.3619791666666667 0.2884259259259259 0.42916666666666664 0.5768518518518518
0 0.421875 0.20462962962962963 0.2109375 0.39444444444444443
0 0.7765625 0.2611111111111111 0.153125 0.22870370370370371
0 0.796875 0.4703703703703704 0.1859375 0.33240740740740743
0 0.5815104166666667 0.5365740740740741 0.12916666666666668 0.24537037037037038
0 0.45 0.5060185185185185 0.11979166666666667 0.2101851851851852
0 0.6908854166666667 0.4356481481481482 0.15208333333333332 0.29814814814814816
0 0.51328125 0.6129629629629629 0.11510416666666666 0.2175925925925926
0 0.5973958333333333 0.3939814814814815 0.140625 0.25