0 0.6703125 0.6925925925925925 0.0578125 0.075
0 0.8520833333333333 0.6810185185185185 0.059375 0.09907407407407408
0 0.634375 0.6583333333333333 0.046875 0.09537037037037037
0 0.6822916666666666 0.6435185185185185 0.05260416666666667 0.08055555555555556
0 0.46015625 0.600462962962963 0.04739583333333333 0.06944444444444445
0 0.5234375 0.5236111111111111 0.0453125 0.1
0 0.9114583333333334 0.6537037037037037 0.05677083333333333 0.08055555555555556
0 0.6572916666666667 0.5986111111111111 0.049479166666666664 0.09351851851851851
0 0.47760416666666666 0.5592592592592592 0.042708333333333334 0.0824074074074074
0 0.76875 0.6018518518518519 0.050520833333333334 0.08981481481481482
0 0.7419270833333333 0.5782407407407407 0.044270833333333336 0.09074074074074075
0 0.6166666666666667 0.5847222222222223 0.040625 0.09166666666666666
0 0.9174479166666667 0.5842592592592593 0.05416666666666667 0.09259259259259259
0 0.8278645833333333 0.6231481481481481 0.0671875 0.1175925925925926
0 0.44453125 0.5430555555555555 0.03854166666666667 0.07037037037037037
0 0.6002604166666666 0.6435185185185185 0.034895833333333334 0.06944444444444445
0 0.67578125 0.4125 0.040625 0.08703703703703704
0 0.409375 0.5777777777777777 0.05520833333333333 0.11388888888888889
0 0.52109375 0.46805555555555556 0.0375 0.06388888888888888
0 0.48072916666666665 0.512962962962963 0.04375 0.0787037037037037
0 0.43776041666666665 0.49722222222222223 0.03854166666666667 0.07407407407407407
0 0.60859375 0.55 0.03854166666666667 0.07314814814814814
0 0.8958333333333334 0.5365740740740741 0.04479166666666667 0.07037037037037037
0 0.9580729166666667 0.5921296296296297 0.058854166666666666 0.09722222222222222
0 0.40677083333333336 0.5125 0.04114583333333333 0.07592592592592592
0 0.6440104166666667 0.5435185185185185 0.0375 0.062037037037037036
0 0.48828125 0.4759259259259259 0.03697916666666667 0.06759259259259259
0 0.7143229166666667 0.5555555555555556 0.03229166666666667 0.062037037037037036
0 0.46484375 0.462037037037037 0.03333333333333333 0.06666666666666667
0 0.34296875 0.5333333333333333 0.04739583333333333 0.09537037037037037
0 0.68046875 0.5402777777777777 0.03229166666666667 0.06296296296296296
0 0.7013020833333333 0.5138888888888888 0.0328125 0.058333333333333334
0 0.37786458333333334 0.5449074074074074 0.0328125 0.07685185185185185
0 0.8044270833333333 0.55 0.041666666666666664 0.075
0 0.89140625 0.46574074074074073 0.04114583333333333 0.06574074074074074
0 0.8697916666666666 0.5050925925925925 0.042708333333333334 0.07222222222222222
0 0.5057291666666667 0.43796296296296294 0.034895833333333334 0.06574074074074074
0 0.7763020833333333 0.5421296296296296 0.04114583333333333 0.07685185185185185
0 0.9330729166666667 0.5333333333333333 0.0421875 0.06666666666666667
0 0.9908854166666666 0.6291666666666667 0.018229166666666668 0.06574074074074074
0 0.8549479166666667 0.5796296296296296 0.0390625 0.07592592592592592
0 0.8778645833333333 0.5976851851851852 0.04010416666666667 0.08518518518518518
0 0.35625 0.4773148148148148 0.0421875 0.06759259259259259
0 0.66953125 0.5148148148148148 0.0328125 0.06296296296296296
0 0.90546875 0.5087962962962963 0.040625 0.06481481481481481
0 0.978125 0.5092592592592593 0.04375 0.0962962962962963
0 0.46953125 0.3712962962962963 0.043229166666666666 0.0712962962962963
0 0.7520833333333333 0.4810185185185185 0.036458333333333336 0.08148148148148149
0 0.7747395833333334 0.47175925925925927 0.036458333333333336 0.08055555555555556
0 0.3723958333333333 0.5027777777777778 0.03697916666666667 0.06851851851851852
0 0.68046875 0.47824074074074074 0.034375 0.05648148148148148
0 0.4903645833333333 0.39166666666666666 0.0359375 0.0824074074074074
0 0.77421875 0.412962962962963 0.043229166666666666 0.09074074074074075
0 0.4513020833333333 0.4305555555555556 0.028645833333333332 0.05648148148148148
0 0.43828125 0.4550925925925926 0.0296875 0.05648148148148148
0 0.7979166666666667 0.4675925925925926 0.0328125 0.06481481481481481
0 0.8302083333333333 0.5050925925925925 0.04375 0.075
0 0.51953125 0.40046296296296297 0.04114583333333333 0.08611111111111111
0 0.8283854166666667 0.4476851851851852 0.0375 0.07407407407407407
0 0.375 0.4439814814814815 0.0359375 0.06759259259259259
0 0.9197916666666667 0.45601851851851855 0.03125 0.05740740740740741
0 0.40963541666666664 0.43703703703703706 0.03229166666666667 0.06759259259259259
0 0.94765625 0.4962962962962963 0.030729166666666665 0.06481481481481481
0 0.24166666666666667 0.5337962962962963 0.036458333333333336 0.07314814814814814
0 0.2671875 0.4685185185185185 0.034375 0.06296296296296296
0 0.9809895833333333 0.7037037037037037 0.03802083333333333 0.1111111111111111
0 0.8838541666666667 0.4152777777777778 0.036458333333333336 0.0712962962962963
0 0.43046875 0.39351851851851855 0.0328125 0.05648148148148148
0 0.9947916666666666 0.6967592592592593 0.010416666666666666 0.1175925925925926
0 0.9375 0.4439814814814815 0.036458333333333336 0.06851851851851852
0 0.2640625 0.5189814814814815 0.035416666666666666 0.08981481481481482
0 0.21848958333333332 0.5319444444444444 0.022916666666666665 0.06574074074074074
0 0.23541666666666666 0.41574074074074074 0.022395833333333334 0.03518518518518519
0 0.31979166666666664 0.4009259259259259 0.03177083333333333 0.06759259259259259