0 0.7356770833333334 0.6273148148148148 0.14895833333333333 0.2388888888888889
0 0.5432291666666667 0.8944444444444445 0.12604166666666666 0.2111111111111111
0 0.43645833333333334 0.9662037037037037 0.10729166666666666 0.06759259259259259
0 0.3372395833333333 0.8351851851851851 0.1109375 0.19537037037037036
0 0.4317708333333333 0.7736111111111111 0.08385416666666666 0.18518518518518517
0 0.534375 0.6819444444444445 0.0875 0.1175925925925926
0 0.6278645833333333 0.6671296296296296 0.07291666666666667 0.19074074074074074
0 0.6536458333333334 0.5037037037037037 0.06458333333333334 0.1037037037037037
0 0.4921875 0.5782407407407407 0.11614583333333334 0.19074074074074074
0 0.40182291666666664 0.6222222222222222 0.07291666666666667 0.13425925925925927
0 0.31796875 0.6898148148148148 0.07135416666666666 0.10462962962962963
0 0.32708333333333334 0.5685185185185185 0.06822916666666666 0.12037037037037036
0 0.4036458333333333 0.49444444444444446 0.09895833333333333 0.1537037037037037
0 0.49921875 0.4050925925925926 0.0625 0.13333333333333333
0 0.59375 0.4337962962962963 0.090625 0.12962962962962962
0 0.8403645833333333 0.5837962962962963 0.06875 0.17314814814814813
0 0.7424479166666667 0.46805555555555556 0.10416666666666667 0.17222222222222222
0 0.6114583333333333 0.3333333333333333 0.07552083333333333 0.1287037037037037
0 0.44296875 0.4101851851851852 0.05520833333333333 0.14351851851851852
0 0.3299479166666667 0.47314814814814815 0.065625 0.08333333333333333
0 0.9072916666666667 0.5148148148148148 0.08489583333333334 0.1712962962962963
0 0.8244791666666667 0.43472222222222223 0.090625 0.1638888888888889
0 0.45416666666666666 0.7925925925925926 0.14583333333333334 0.28888888888888886
0 0.6473958333333333 0.5407407407407407 0.10208333333333333 0.20092592592592592
0 0.6927083333333334 0.36574074074074076 0.13125 0.2212962962962963
0 0.38229166666666664 0.4013888888888889 0.0796875 0.13333333333333333
0 0.5973958333333333 0.25416666666666665 0.07604166666666666 0.10462962962962963
0 0.7315104166666667 0.2671296296296296 0.06510416666666667 0.12222222222222222
0 0.7979166666666667 0.3472222222222222 0.06510416666666667 0.1259259259259259
0 0.46536458333333336 0.3212962962962963 0.07291666666666667 0.13796296296296295
0 0.2674479166666667 0.4083333333333333 0.09479166666666666 0.15
0 0.46979166666666666 0.2222222222222222 0.05520833333333333 0.09166666666666666
0 0.53046875 0.17453703703703705 0.050520833333333334 0.08148148148148149
0 0.5286458333333334 0.32407407407407407 0.08385416666666666 0.15555555555555556
0 0.328125 0.3101851851851852 0.07395833333333333 0.10925925925925926