0 0.8122395833333333 0.5101851851851852 0.046875 0.08425925925925926
0 0.796875 0.4587962962962963 0.0578125 0.10092592592592593
0 0.5651041666666666 0.4212962962962963 0.0359375 0.06851851851851852
0 0.79375 0.3888888888888889 0.0609375 0.09444444444444444
0 0.5567708333333333 0.3453703703703704 0.0546875 0.08611111111111111
0 0.5276041666666667 0.38287037037037036 0.05260416666666667 0.09537037037037037
0 0.36432291666666666 0.46805555555555556 0.0375 0.07777777777777778
0 0.7440104166666667 0.5287037037037037 0.04114583333333333 0.07407407407407407
0 0.7671875 0.5722222222222222 0.04375 0.0712962962962963
0 0.9075520833333334 0.4148148148148148 0.0390625 0.06111111111111111
0 0.334375 0.3388888888888889 0.051041666666666666 0.075
0 0.7940104166666667 0.5842592592592593 0.0359375 0.07222222222222222
0 0.55 0.4476851851851852 0.036458333333333336 0.0712962962962963
0 0.5854166666666667 0.43657407407407406 0.035416666666666666 0.06944444444444445
0 0.30963541666666666 0.4425925925925926 0.04114583333333333 0.07962962962962963
0 0.7729166666666667 0.5009259259259259 0.04791666666666667 0.08333333333333333
0 0.5106770833333333 0.43796296296296294 0.0390625 0.06296296296296296
0 0.39427083333333335 0.4824074074074074 0.04114583333333333 0.07222222222222222
0 0.8255208333333334 0.5574074074074075 0.034895833333333334 0.07037037037037037
0 0.75703125 0.4356481481481482 0.0453125 0.09074074074074075
0 0.5463541666666667 0.2962962962962963 0.07239583333333334 0.10555555555555556
0 0.36614583333333334 0.5564814814814815 0.03958333333333333 0.08888888888888889
0 0.5515625 0.5097222222222222 0.03854166666666667 0.05740740740740741
0 0.64765625 0.5930555555555556 0.044270833333333336 0.08518518518518518
0 0.34713541666666664 0.38472222222222224 0.04375 0.08425925925925926
0 0.35052083333333334 0.43333333333333335 0.042708333333333334 0.0824074074074074
0 0.6486979166666667 0.46620370370370373 0.051041666666666666 0.09537037037037037
0 0.3984375 0.4300925925925926 0.050520833333333334 0.10740740740740741
0 0.5658854166666667 0.48842592592592593 0.036458333333333336 0.06481481481481481
0 0.50546875 0.32175925925925924 0.05572916666666667 0.10185185185185185
0 0.6747395833333333 0.462037037037037 0.04375 0.08333333333333333
0 0.5802083333333333 0.3962962962962963 0.0375 0.05092592592592592
0 0.96796875 0.4074074074074074 0.052083333333333336 0.0824074074074074
0 0.34296875 0.4976851851851852 0.040625 0.075
0 0.6104166666666667 0.41805555555555557 0.04791666666666667 0.10555555555555556
0 0.4856770833333333 0.387037037037037 0.04791666666666667 0.10277777777777777
0 0.28489583333333335 0.3490740740740741 0.057291666666666664 0.11296296296296296
0 0.646875 0.5351851851851852 0.041666666666666664 0.08148148148148149
0 0.8416666666666667 0.47685185185185186 0.05520833333333333 0.09351851851851851
0 0.9606770833333333 0.5203703703703704 0.049479166666666664 0.08796296296296297
0 0.47421875 0.33240740740740743 0.033854166666666664 0.06111111111111111
0 0.8638020833333333 0.5361111111111111 0.06875 0.12962962962962962
0 0.7263020833333333 0.45 0.04479166666666667 0.08333333333333333
0 0.3106770833333333 0.5453703703703704 0.035416666666666666 0.06296296296296296
0 0.6403645833333333 0.4023148148148148 0.05625 0.11018518518518519
0 0.703125 0.575 0.04010416666666667 0.07777777777777778
0 0.32395833333333335 0.5050925925925925 0.03229166666666667 0.06666666666666667
0 0.33984375 0.5675925925925925 0.0359375 0.06574074074074074
0 0.5013020833333334 0.4671296296296296 0.0375 0.06944444444444445
0 0.47630208333333335 0.42777777777777776 0.035416666666666666 0.06388888888888888
0 0.2791666666666667 0.42592592592592593 0.0390625 0.07222222222222222
0 0.12864583333333332 0.36666666666666664 0.04114583333333333 0.075
0 0.9716145833333333 0.47685185185185186 0.0484375 0.08055555555555556
0 0.7309895833333333 0.3453703703703704 0.05677083333333333 0.10185185185185185
0 0.14973958333333334 0.38472222222222224 0.0390625 0.08981481481481482
0 0.20130208333333333 0.41944444444444445 0.03333333333333333 0.05925925925925926
0 0.22057291666666667 0.3851851851851852 0.04791666666666667 0.09351851851851851
0 0.88984375 0.43842592592592594 0.04479166666666667 0.06851851851851852
0 0.2484375 0.41805555555555557 0.0390625 0.06851851851851852
0 0.3802083333333333 0.5166666666666667 0.03333333333333333 0.058333333333333334
0 0.92890625 0.4976851851851852 0.04635416666666667 0.07407407407407407
0 0.54765625 0.5726851851851852 0.04739583333333333 0.0962962962962963
0 0.8130208333333333 0.6078703703703704 0.04583333333333333 0.0824074074074074
0 0.23229166666666667 0.44675925925925924 0.040625 0.06851851851851852
0 0.15364583333333334 0.44027777777777777 0.03229166666666667 0.053703703703703705
0 0.9041666666666667 0.5606481481481481 0.0375 0.07407407407407407
0 0.17421875 0.3763888888888889 0.042708333333333334 0.09074074074074075
0 0.24739583333333334 0.4791666666666667 0.04583333333333333 0.07777777777777778
0 0.9098958333333333 0.6175925925925926 0.03177083333333333 0.05277777777777778
0 0.20260416666666667 0.5037037037037037 0.041666666666666664 0.07777777777777778
0 0.9744791666666667 0.5814814814814815 0.04010416666666667 0.07777777777777778
0 0.9859375 0.5064814814814815 0.028125 0.07777777777777778
0 0.61796875 0.5842592592592593 0.0484375 0.1037037037037037
0 0.70546875 0.3958333333333333 0.0640625 0.12129629629629629
0 0.11614583333333334 0.475 0.04375 0.07314814814814814
0 0.09088541666666666 0.4861111111111111 0.03697916666666667 0.05555555555555555
0 0.9244791666666666 0.40046296296296297 0.15104166666666666 0.22685185185185186