0 0.4744791666666667 0.8648148148148148 0.18854166666666666 0.27037037037037037
0 0.28463541666666664 0.6814814814814815 0.11822916666666666 0.22777777777777777
0 0.6708333333333333 0.775 0.12291666666666666 0.22407407407407406
0 0.7880208333333333 0.7902777777777777 0.09583333333333334 0.1925925925925926
0 0.8716145833333333 0.7888888888888889 0.0890625 0.18333333333333332
0 0.6411458333333333 0.5972222222222222 0.084375 0.12037037037037036
0 0.5927083333333333 0.7481481481481481 0.08385416666666666 0.21666666666666667
0 0.4859375 0.6782407407407407 0.12760416666666666 0.19444444444444445
0 0.38125 0.6828703703703703 0.11145833333333334 0.24444444444444444
0 0.34453125 0.899074074074074 0.16927083333333334 0.1638888888888889
0 0.38046875 0.5259259259259259 0.07395833333333333 0.16574074074074074
0 0.4817708333333333 0.5268518518518519 0.12239583333333333 0.20833333333333334
0 0.5979166666666667 0.4949074074074074 0.10677083333333333 0.19444444444444445
0 0.52421875 0.3990740740740741 0.0953125 0.1685185185185185
0 0.7263020833333333 0.4759259259259259 0.09322916666666667 0.17777777777777778
0 0.8096354166666667 0.5370370370370371 0.03854166666666667 0.08981481481481482
0 0.7299479166666667 0.6157407407407407 0.10625 0.19907407407407407
0 0.3458333333333333 0.44305555555555554 0.09583333333333334 0.11851851851851852
0 0.28515625 0.5287037037037037 0.10364583333333334 0.16296296296296298
0 0.3502604166666667 0.3398148148148148 0.06197916666666667 0.1175925925925926
0 0.41432291666666665 0.3902777777777778 0.09375 0.1287037037037037
0 0.471875 0.37592592592592594 0.06354166666666666 0.20185185185185187