0 0.45416666666666666 0.6782407407407407 0.82734375 0.6393518518518518
0 0.3028645833333333 0.9115740740740741 0.1171875 0.17407407407407408
0 0.1671875 0.6912037037037037 0.25390625 0.36527777777777776
0 0.6692708333333334 0.8726851851851852 0.13541666666666666 0.25046296296296294
0 0.5002604166666667 0.625462962962963 0.07447916666666667 0.1527777777777778
0 0.4875 0.8634259259259259 0.09010416666666667 0.16712962962962963
0 0.40078125 0.8925925925925926 0.09036458333333333 0.21064814814814814
0 0.5760416666666667 0.6662037037037037 0.08125 0.1375
0 0.7122395833333334 0.799074074074074 0.30885416666666665 0.39814814814814814
0 0.7716145833333333 0.8652777777777778 0.08515625 0.21342592592592594
0 0.4640625 0.7333333333333333 0.08125 0.1699074074074074