0 0.41015625 0.5851851851851851 0.81640625 0.8199074074074074
0 0.42161458333333335 0.8625 0.15729166666666666 0.20462962962962963
0 0.6552083333333333 0.6504629629629629 0.32369791666666664 0.4351851851851852
0 0.6111979166666667 0.7148148148148148 0.13880208333333333 0.2865740740740741
0 0.3028645833333333 0.9287037037037037 0.12265625 0.1388888888888889
0 0.23776041666666667 0.7643518518518518 0.12864583333333332 0.23148148148148148
0 0.40208333333333335 0.5532407407407407 0.08411458333333334 0.17962962962962964
0 0.5190104166666667 0.4837962962962963 0.08463541666666667 0.14305555555555555
0 0.3341145833333333 0.7162037037037037 0.09505208333333333 0.22453703703703703
0 0.44166666666666665 0.44074074074074077 0.07578125 0.1587962962962963
0 0.42161458333333335 0.6837962962962963 0.09791666666666667 0.17314814814814813