0 0.4122395833333333 0.4310185185185185 0.071875 0.13148148148148148
0 0.31588541666666664 0.55 0.05364583333333333 0.10740740740740741
0 0.37838541666666664 0.49444444444444446 0.057291666666666664 0.10740740740740741
0 0.42526041666666664 0.5152777777777777 0.0640625 0.12129629629629629
0 0.34140625 0.4287037037037037 0.07604166666666666 0.1361111111111111
0 0.8166666666666667 0.43425925925925923 0.04114583333333333 0.0712962962962963
0 0.3984375 0.5564814814814815 0.0453125 0.08981481481481482
0 0.6174479166666667 0.38657407407407407 0.05625 0.1111111111111111
0 0.17994791666666668 0.6435185185185185 0.042708333333333334 0.07685185185185185
0 0.12604166666666666 0.7013888888888888 0.042708333333333334 0.0787037037037037
0 0.8364583333333333 0.40046296296296297 0.0546875 0.09722222222222222
0 0.6830729166666667 0.3523148148148148 0.059375 0.11296296296296296
0 0.6114583333333333 0.5055555555555555 0.057291666666666664 0.1175925925925926
0 0.4434895833333333 0.6092592592592593 0.040625 0.07592592592592592
0 0.1453125 0.575462962962963 0.0703125 0.14074074074074075
0 0.33359375 0.6199074074074075 0.04583333333333333 0.0962962962962963
0 0.7966145833333333 0.37083333333333335 0.041666666666666664 0.08148148148148149
0 0.8427083333333333 0.3560185185185185 0.05 0.09351851851851851
0 0.2755208333333333 0.5828703703703704 0.05677083333333333 0.11296296296296296
0 0.8 0.4273148148148148 0.04479166666666667 0.06944444444444445
0 0.4010416666666667 0.6180555555555556 0.051041666666666666 0.09814814814814815
0 0.13385416666666666 0.625 0.05 0.1037037037037037
0 0.6572916666666667 0.5050925925925925 0.059375 0.10833333333333334
0 0.4328125 0.34814814814814815 0.07083333333333333 0.09537037037037037
0 0.20989583333333334 0.5888888888888889 0.057291666666666664 0.1037037037037037
0 0.7713541666666667 0.3861111111111111 0.043229166666666666 0.09074074074074075
0 0.7653645833333333 0.46574074074074073 0.04739583333333333 0.08518518518518518
0 0.7924479166666667 0.4615740740740741 0.03854166666666667 0.06481481481481481
0 0.4239583333333333 0.5837962962962963 0.0359375 0.06944444444444445
0 0.8153645833333333 0.3263888888888889 0.0453125 0.09537037037037037
0 0.23776041666666667 0.5388888888888889 0.065625 0.12222222222222222
0 0.3580729166666667 0.5587962962962963 0.057291666666666664 0.13518518518518519
0 0.77578125 0.30833333333333335 0.06197916666666667 0.09537037037037037
0 0.6484375 0.3675925925925926 0.046875 0.09907407407407408
0 0.22578125 0.6287037037037037 0.0625 0.10462962962962963
0 0.65234375 0.44074074074074077 0.06927083333333334 0.10833333333333334
0 0.3078125 0.4736111111111111 0.0625 0.11944444444444445
0 0.49973958333333335 0.3509259259259259 0.06875 0.125
0 0.8283854166666667 0.4898148148148148 0.052083333333333336 0.08148148148148149
0 0.44921875 0.5634259259259259 0.0390625 0.08796296296296297
0 0.83671875 0.4550925925925926 0.04010416666666667 0.06574074074074074
0 0.6567708333333333 0.5805555555555556 0.05520833333333333 0.09074074074074075
0 0.26119791666666664 0.41712962962962963 0.0734375 0.13333333333333333
0 0.3765625 0.375 0.06614583333333333 0.1037037037037037
0 0.7013020833333333 0.5569444444444445 0.050520833333333334 0.08333333333333333
0 0.09453125 0.6185185185185185 0.0578125 0.10740740740740741
0 0.2559895833333333 0.5023148148148148 0.05625 0.10833333333333334
0 0.79140625 0.5106481481481482 0.051041666666666666 0.08611111111111111
0 0.6734375 0.24675925925925926 0.06822916666666666 0.13425925925925927
0 0.96953125 0.34629629629629627 0.04583333333333333 0.08611111111111111
0 0.9859375 0.41064814814814815 0.028125 0.06018518518518518
0 0.9052083333333333 0.3476851851851852 0.059895833333333336 0.11018518518518519
0 0.628125 0.5532407407407407 0.04583333333333333 0.07407407407407407
0 0.6380208333333334 0.26944444444444443 0.08229166666666667 0.15092592592592594
0 0.734375 0.36712962962962964 0.0671875 0.12777777777777777
0 0.7276041666666667 0.25046296296296294 0.06614583333333333 0.11203703703703703
0 0.48046875 0.4217592592592593 0.06145833333333333 0.15092592592592594
0 0.08567708333333333 0.7416666666666667 0.04583333333333333 0.0824074074074074
0 0.8677083333333333 0.45 0.04583333333333333 0.06759259259259259
0 0.45651041666666664 0.6592592592592592 0.04375 0.06944444444444445
0 0.5765625 0.5185185185185185 0.05677083333333333 0.11481481481481481
0 0.6114583333333333 0.5967592592592592 0.04375 0.08796296296296297
0 0.8697916666666666 0.39861111111111114 0.036458333333333336 0.07407407407407407
0 0.16458333333333333 0.663425925925926 0.04791666666666667 0.07685185185185185
0 0.51484375 0.625 0.04635416666666667 0.07592592592592592
0 0.69921875 0.4699074074074074 0.0625 0.14351851851851852
0 0.48333333333333334 0.6412037037037037 0.034895833333333334 0.06481481481481481
0 0.9322916666666666 0.2935185185185185 0.0484375 0.0824074074074074
0 0.7065104166666667 0.18333333333333332 0.08385416666666666 0.12777777777777777
0 0.16536458333333334 0.7055555555555556 0.042708333333333334 0.06944444444444445
0 0.97890625 0.31574074074074077 0.029166666666666667 0.08981481481481482
0 0.58515625 0.30925925925925923 0.06614583333333333 0.11851851851851852
0 0.5807291666666666 0.3939814814814815 0.06041666666666667 0.1388888888888889
0 0.9614583333333333 0.23148148148148148 0.043229166666666666 0.09166666666666666
0 0.9005208333333333 0.45046296296296295 0.0421875 0.06481481481481481
0 0.043229166666666666 0.5291666666666667 0.075 0.13703703703703704
0 0.9611979166666667 0.42777777777777776 0.0390625 0.08055555555555556
0 0.4591145833333333 0.44907407407407407 0.053125 0.13148148148148148
0 0.6927083333333334 0.5990740740740741 0.043229166666666666 0.058333333333333334
0 0.7453125 0.5578703703703703 0.04895833333333333 0.06018518518518518
0 0.08046875 0.575925925925926 0.0640625 0.09351851851851851
0 0.19583333333333333 0.7166666666666667 0.05520833333333333 0.1111111111111111
0 0.9565104166666667 0.29259259259259257 0.036458333333333336 0.07592592592592592
0 0.5890625 0.48564814814814816 0.05520833333333333 0.1
0 0.5075520833333333 0.5796296296296296 0.046875 0.10833333333333334
0 0.0546875 0.6953703703703704 0.06354166666666666 0.13333333333333333
0 0.9341145833333333 0.25462962962962965 0.05416666666666667 0.0962962962962963
0 0.019270833333333334 0.6425925925925926 0.03854166666666667 0.12777777777777777
0 0.8692708333333333 0.2828703703703704 0.06666666666666667 0.10925925925925926
0 0.47604166666666664 0.5675925925925925 0.05572916666666667 0.12777777777777777
0 0.3328125 0.6828703703703703 0.09375 0.13796296296296295
0 0.10729166666666666 0.6574074074074074 0.05260416666666667 0.10092592592592593
0 0.23411458333333332 0.7277777777777777 0.0390625 0.0824074074074074
0 0.5765625 0.5884259259259259 0.043229166666666666 0.09259259259259259
0 0.02734375 0.7837962962962963 0.018229166666666668 0.08425925925925926
0 0.09635416666666667 0.5009259259259259 0.07291666666666667 0.13518518518518519
0 0.9388020833333334 0.3611111111111111 0.036458333333333336 0.07777777777777778
0 0.7484375 0.29305555555555557 0.0546875 0.0962962962962963
0 0.08880208333333334 0.6986111111111111 0.0546875 0.11944444444444445
0 0.39010416666666664 0.6861111111111111 0.0625 0.09074074074074075
0 0.13541666666666666 0.7731481481481481 0.09010416666666667 0.10185185185185185
0 0.22526041666666666 0.6944444444444444 0.058854166666666666 0.12037037037037036