0 0.5859375 0.9412037037037037 0.034895833333333334 0.05787037037037037
0 0.5708333333333333 0.8578703703703704 0.029427083333333333 0.06620370370370371
0 0.5640625 0.975925925925926 0.034375 0.044444444444444446
0 0.5981770833333333 0.8810185185185185 0.03046875 0.09351851851851851
0 0.7091145833333333 0.9347222222222222 0.038802083333333334 0.07361111111111111
0 0.6278645833333333 0.8925925925925926 0.025 0.09814814814814815
0 0.58046875 0.8050925925925926 0.03671875 0.046296296296296294
0 0.6153645833333333 0.8018518518518518 0.028645833333333332 0.040740740740740744
0 0.4395833333333333 0.8708333333333333 0.027083333333333334 0.050462962962962966
0 0.3125 0.8842592592592593 0.029947916666666668 0.058333333333333334
0 0.3609375 0.8472222222222222 0.02578125 0.06944444444444445
0 0.36302083333333335 0.913425925925926 0.029427083333333333 0.07546296296296297
0 0.46458333333333335 0.9157407407407407 0.03463541666666667 0.09259259259259259
0 0.33515625 0.9175925925925926 0.03515625 0.06481481481481481
0 0.64609375 0.825 0.030208333333333334 0.05555555555555555
0 0.5947916666666667 0.9805555555555555 0.0390625 0.038425925925925926
0 0.41744791666666664 0.8726851851851852 0.024739583333333332 0.060648148148148145
0 0.7963541666666667 0.9217592592592593 0.02421875 0.05925925925925926
0 0.28828125 0.8671296296296296 0.027604166666666666 0.06851851851851852
0 0.7450520833333333 0.9393518518518519 0.03515625 0.04861111111111111
0 0.44895833333333335 0.8305555555555556 0.024739583333333332 0.0699074074074074
0 0.3143229166666667 0.9287037037037037 0.03307291666666667 0.049074074074074076
0 0.8223958333333333 0.8453703703703703 0.030729166666666665 0.0587962962962963
0 0.7802083333333333 0.9495370370370371 0.02265625 0.047685185185185185
0 0.7354166666666667 0.9708333333333333 0.04479166666666667 0.05787037037037037
0 0.24088541666666666 0.8726851851851852 0.031510416666666666 0.062037037037037036
0 0.7216145833333333 0.8694444444444445 0.0328125 0.052314814814814814
0 0.5317708333333333 0.8925925925925926 0.030729166666666665 0.05740740740740741
0 0.52890625 0.9435185185185185 0.03697916666666667 0.08611111111111111
0 0.8427083333333333 0.8842592592592593 0.024479166666666666 0.04212962962962963
0 0.7354166666666667 0.8407407407407408 0.0296875 0.058333333333333334
0 0.6942708333333333 0.8967592592592593 0.02734375 0.05740740740740741
0 0.28567708333333336 0.9208333333333333 0.0375 0.05138888888888889
0 0.7622395833333333 0.9106481481481481 0.03567708333333333 0.059722222222222225
0 0.8481770833333333 0.8449074074074074 0.024739583333333332 0.06157407407407407
0 0.54296875 0.8333333333333334 0.026822916666666665 0.06620370370370371
0 0.24140625 0.7643518518518518 0.026041666666666668 0.06759259259259259
0 0.80859375 0.9782407407407407 0.03802083333333333 0.04351851851851852
0 0.4276041666666667 0.8157407407407408 0.023697916666666666 0.07685185185185185
0 0.17994791666666668 0.8078703703703703 0.03177083333333333 0.05416666666666667
0 0.696875 0.8518518518518519 0.025260416666666667 0.05324074074074074
0 0.6747395833333333 0.8384259259259259 0.02734375 0.056018518518518516
0 0.2911458333333333 0.8060185185185185 0.034375 0.06111111111111111
0 0.8140625 0.8847222222222222 0.026302083333333334 0.04814814814814815
0 0.38333333333333336 0.9634259259259259 0.039322916666666666 0.07083333333333333
0 0.2109375 0.8143518518518519 0.029166666666666667 0.04583333333333333
0 0.7130208333333333 0.8189814814814815 0.026302083333333334 0.06018518518518518
0 0.8604166666666667 0.9037037037037037 0.023177083333333334 0.06157407407407407
0 0.8497395833333333 0.9643518518518519 0.029166666666666667 0.06342592592592593
0 0.7260416666666667 0.9064814814814814 0.032552083333333336 0.05092592592592592
0 0.3888020833333333 0.8856481481481482 0.024739583333333332 0.09583333333333334
0 0.20494791666666667 0.8652777777777778 0.030729166666666665 0.07175925925925926
0 0.25885416666666666 0.7981481481481482 0.02890625 0.05092592592592592
0 0.6528645833333333 0.9217592592592593 0.03697916666666667 0.09212962962962963
0 0.2703125 0.7754629629629629 0.03411458333333333 0.06944444444444445
0 0.315625 0.788425925925926 0.023177083333333334 0.0712962962962963
0 0.20442708333333334 0.7837962962962963 0.03046875 0.047685185185185185
0 0.5049479166666667 0.9194444444444444 0.029166666666666667 0.08842592592592592
0 0.40677083333333336 0.9462962962962963 0.034895833333333334 0.10185185185185185
0 0.92734375 0.962037037037037 0.02421875 0.04583333333333333
0 0.8192708333333333 0.9226851851851852 0.026302083333333334 0.06018518518518518
0 0.7684895833333333 0.9828703703703704 0.0375 0.033796296296296297
0 0.2674479166666667 0.8847222222222222 0.029427083333333333 0.059722222222222225
0 0.6278645833333333 0.9791666666666666 0.033854166666666664 0.038425925925925926
0 0.7984375 0.9634259259259259 0.021875 0.03981481481481482
0 0.8768229166666667 0.9689814814814814 0.034895833333333334 0.062037037037037036
0 0.8309895833333333 0.9611111111111111 0.02578125 0.05740740740740741
0 0.91640625 0.913425925925926 0.023177083333333334 0.04212962962962963
0 0.17630208333333333 0.8699074074074075 0.043229166666666666 0.08148148148148149
0 0.9065104166666667 0.9777777777777777 0.034895833333333334 0.04398148148148148
0 0.984375 0.975925925925926 0.028125 0.04583333333333333
0 0.7677083333333333 0.8643518518518518 0.03333333333333333 0.060648148148148145
0 0.80703125 0.8226851851851852 0.025520833333333333 0.050462962962962966
0 0.6908854166666667 0.8050925925925926 0.025520833333333333 0.049074074074074076
0 0.2546875 0.836574074074074 0.02421875 0.06296296296296296
0 0.9604166666666667 0.975 0.033854166666666664 0.046296296296296294
0 0.68984375 0.9689814814814814 0.03046875 0.06157407407407407
0 0.68125 0.8939814814814815 0.02890625 0.07916666666666666
0 0.6684895833333333 0.8060185185185185 0.02890625 0.04583333333333333
0 0.9619791666666667 0.9393518518518519 0.033854166666666664 0.05092592592592592
0 0.89296875 0.8541666666666666 0.03802083333333333 0.07731481481481481
0 0.4315104166666667 0.9393518518518519 0.034895833333333334 0.12129629629629629
0 0.9502604166666667 0.8773148148148148 0.024739583333333332 0.06759259259259259