0 0.6799479166666667 0.6458333333333334 0.1046875 0.22870370370370371
0 0.659375 0.44537037037037036 0.10208333333333333 0.1925925925925926
0 0.5770833333333333 0.2449074074074074 0.1046875 0.1111111111111111
0 0.54765625 0.5699074074074074 0.0875 0.1175925925925926
0 0.5591145833333333 0.7430555555555556 0.1140625 0.23333333333333334
0 0.5625 0.38842592592592595 0.09322916666666667 0.20555555555555555
0 0.4861979166666667 0.42592592592592593 0.1125 0.1925925925925926
0 0.46171875 0.5833333333333334 0.0765625 0.14444444444444443
0 0.47317708333333336 0.763425925925926 0.08802083333333334 0.1925925925925926
0 0.42109375 0.3537037037037037 0.09114583333333333 0.15
0 0.4596354166666667 0.22685185185185186 0.08125 0.14722222222222223
0 0.5122395833333333 0.15833333333333333 0.0765625 0.17037037037037037
0 0.5885416666666666 0.0837962962962963 0.0828125 0.14537037037037037
0 0.38255208333333335 0.4462962962962963 0.05520833333333333 0.0787037037037037
0 0.40963541666666664 0.5333333333333333 0.05625 0.1388888888888889
0 0.3765625 0.6509259259259259 0.044270833333333336 0.10833333333333334
0 0.4234375 0.6703703703703704 0.06354166666666666 0.1527777777777778
0 0.46432291666666664 0.9175925925925926 0.13802083333333334 0.1648148148148148
0 0.5286458333333334 0.1763888888888889 0.0984375 0.15648148148148147
0 0.5690104166666666 0.5537037037037037 0.14895833333333333 0.21388888888888888
0 0.37213541666666666 0.5425925925925926 0.065625 0.13148148148148148
0 0.42083333333333334 0.17824074074074073 0.06875 0.1425925925925926
0 0.46432291666666664 0.08425925925925926 0.10260416666666666 0.1685185185185185
0 0.39036458333333335 0.17407407407407408 0.0546875 0.12129629629629629
0 0.38697916666666665 0.29212962962962963 0.07708333333333334 0.1388888888888889
0 0.5177083333333333 0.05925925925925926 0.084375 0.11851851851851852
0 0.36796875 0.3958333333333333 0.07395833333333333 0.125
0 0.3828125 0.8375 0.103125 0.18055555555555555
0 0.32083333333333336 0.3560185185185185 0.041666666666666664 0.0787037037037037
0 0.3341145833333333 0.5032407407407408 0.043229166666666666 0.09907407407407408