0 0.5494791666666666 0.624537037037037 0.9010416666666666 0.7509259259259259
0 0.5848958333333333 0.899537037037037 0.109375 0.18796296296296297
0 0.8658854166666666 0.6398148148148148 0.2682291666666667 0.4425925925925926
0 0.46145833333333336 0.9032407407407408 0.11041666666666666 0.1935185185185185
0 0.5328125 0.8171296296296297 0.10729166666666666 0.2037037037037037
0 0.63828125 0.7847222222222222 0.0984375 0.15925925925925927
0 0.7197916666666667 0.7902777777777777 0.1109375 0.18981481481481483
0 0.7010416666666667 0.6939814814814815 0.06510416666666667 0.11296296296296296
0 0.6385416666666667 0.6814814814814815 0.071875 0.12685185185185185
0 0.42734375 0.825 0.09322916666666667 0.1685185185185185
0 0.4317708333333333 0.9643518518518519 0.08020833333333334 0.0712962962962963
0 0.6794270833333333 0.8685185185185185 0.10208333333333333 0.14537037037037037
0 0.584375 0.7347222222222223 0.0703125 0.15185185185185185