0 0.721875 0.924537037037037 0.034375 0.075
0 0.7479166666666667 0.9282407407407407 0.033854166666666664 0.06481481481481481
0 0.52890625 0.9685185185185186 0.027604166666666666 0.05462962962962963
0 0.6515625 0.9435185185185185 0.040625 0.08796296296296297
0 0.5348958333333333 0.9375 0.0265625 0.04814814814814815
0 0.6744791666666666 0.9148148148148149 0.033854166666666664 0.07962962962962963
0 0.40859375 0.9259259259259259 0.035416666666666666 0.06388888888888888
0 0.5934895833333333 0.9875 0.0328125 0.025
0 0.43411458333333336 0.9074074074074074 0.0296875 0.06481481481481481
0 0.6526041666666667 0.8587962962962963 0.027604166666666666 0.05092592592592592
0 0.6979166666666666 0.8541666666666666 0.024479166666666666 0.05185185185185185
0 0.3015625 0.9138888888888889 0.0390625 0.06574074074074074
0 0.28177083333333336 0.9263888888888889 0.03802083333333333 0.04537037037037037
0 0.6955729166666667 0.8856481481481482 0.025 0.05462962962962963
0 0.3859375 0.9254629629629629 0.033854166666666664 0.06666666666666667
0 0.6924479166666667 0.9384259259259259 0.033854166666666664 0.075
0 0.32265625 0.9398148148148148 0.04114583333333333 0.04259259259259259
0 0.6458333333333334 0.8944444444444445 0.03333333333333333 0.06111111111111111
0 0.25390625 0.8958333333333334 0.0328125 0.075
0 0.7127604166666667 0.8787037037037037 0.025 0.053703703703703705
0 0.5609375 0.9912037037037037 0.03958333333333333 0.017592592592592594
0 0.46145833333333336 0.9694444444444444 0.034375 0.058333333333333334
0 0.5151041666666667 0.9152777777777777 0.036458333333333336 0.06481481481481481
0 0.5671875 0.9740740740740741 0.03333333333333333 0.05185185185185185
0 0.40625 0.8833333333333333 0.030208333333333334 0.05185185185185185
0 0.6807291666666667 0.8634259259259259 0.027604166666666666 0.058333333333333334
0 0.7815104166666667 0.888425925925926 0.034895833333333334 0.06666666666666667
0 0.3421875 0.9175925925925926 0.041666666666666664 0.07407407407407407
0 0.521875 0.9824074074074074 0.028125 0.03518518518518519
0 0.496875 0.9800925925925926 0.0375 0.03981481481481482
0 0.8723958333333334 0.924074074074074 0.0328125 0.06388888888888888
0 0.59453125 0.9731481481481481 0.0328125 0.053703703703703705
0 0.575 0.9375 0.04583333333333333 0.07407407407407407
0 0.7174479166666666 0.9884259259259259 0.04114583333333333 0.023148148148148147
0 0.7036458333333333 0.9708333333333333 0.035416666666666666 0.058333333333333334
0 0.7536458333333333 0.9666666666666667 0.04791666666666667 0.06666666666666667
0 0.7627604166666667 0.8652777777777778 0.04375 0.0787037037037037
0 0.15520833333333334 0.8949074074074074 0.03229166666666667 0.03611111111111111
0 0.7979166666666667 0.9425925925925925 0.041666666666666664 0.08611111111111111
0 0.16927083333333334 0.8782407407407408 0.03802083333333333 0.07592592592592592
0 0.22864583333333333 0.8222222222222222 0.03177083333333333 0.05092592592592592
0 0.5033854166666667 0.9537037037037037 0.027604166666666666 0.05185185185185185
0 0.89140625 0.9087962962962963 0.034375 0.07407407407407407
0 0.6786458333333333 0.7925925925925926 0.028125 0.058333333333333334
0 0.3026041666666667 0.8152777777777778 0.03229166666666667 0.06666666666666667
0 0.2786458333333333 0.8574074074074074 0.030208333333333334 0.06666666666666667
0 0.3067708333333333 0.8717592592592592 0.04010416666666667 0.06944444444444445
0 0.26197916666666665 0.7972222222222223 0.03333333333333333 0.05555555555555555
0 0.41302083333333334 0.9597222222222223 0.030208333333333334 0.05
0 0.4348958333333333 0.9680555555555556 0.0328125 0.046296296296296294
0 0.2015625 0.8351851851851851 0.03177083333333333 0.05648148148148148
0 0.2078125 0.7939814814814815 0.034375 0.05185185185185185
0 0.005208333333333333 0.8342592592592593 0.010416666666666666 0.06481481481481481
0 0.45598958333333334 0.9342592592592592 0.028125 0.05185185185185185
0 0.228125 0.8532407407407407 0.033854166666666664 0.05185185185185185
0 0.2559895833333333 0.8337962962962963 0.034895833333333334 0.06481481481481481
0 0.14270833333333333 0.8569444444444444 0.036458333333333336 0.06944444444444445
0 0.14401041666666667 0.8069444444444445 0.0328125 0.053703703703703705
0 0.7723958333333333 0.9606481481481481 0.03333333333333333 0.07592592592592592
0 0.4205729166666667 0.8481481481481481 0.03854166666666667 0.0712962962962963
0 0.35130208333333335 0.9560185185185185 0.034375 0.025925925925925925
0 0.8356770833333333 0.924074074074074 0.030729166666666665 0.075
0 0.6609375 0.8189814814814815 0.028125 0.06851851851851852
0 0.053125 0.862037037037037 0.03697916666666667 0.04537037037037037
0 0.85234375 0.9143518518518519 0.03229166666666667 0.07962962962962963
0 0.11901041666666666 0.8347222222222223 0.035416666666666666 0.0824074074074074
0 0.6380208333333334 0.8273148148148148 0.0359375 0.07592592592592592
0 0.8653645833333333 0.8157407407407408 0.04114583333333333 0.06851851851851852
0 0.17135416666666667 0.7981481481481482 0.0421875 0.05555555555555555
0 0.1015625 0.8824074074074074 0.0375 0.032407407407407406
0 0.22447916666666667 0.8976851851851851 0.0546875 0.07407407407407407
0 0.3658854166666667 0.95 0.025520833333333333 0.041666666666666664
0 0.38958333333333334 0.8453703703703703 0.034375 0.07407407407407407
0 0.78828125 0.8180555555555555 0.034895833333333334 0.06111111111111111
0 0.01796875 0.8333333333333334 0.0359375 0.07962962962962963
0 0.9411458333333333 0.8300925925925926 0.04114583333333333 0.06111111111111111
0 0.36354166666666665 0.8634259259259259 0.03802083333333333 0.07314814814814814
0 0.40859375 0.8148148148148148 0.03177083333333333 0.05925925925925926
0 0.55625 0.8518518518518519 0.049479166666666664 0.10185185185185185
0 0.50546875 0.8490740740740741 0.04375 0.09814814814814815
0 0.92109375 0.8870370370370371 0.042708333333333334 0.08796296296296297
0 0.44427083333333334 0.8356481481481481 0.0484375 0.08888888888888889
0 0.32890625 0.8439814814814814 0.04114583333333333 0.08611111111111111
0 0.9606770833333333 0.763425925925926 0.04895833333333333 0.0787037037037037
0 0.903125 0.7851851851851852 0.0796875 0.08518518518518518
0 0.9466145833333334 0.8513888888888889 0.0703125 0.18611111111111112
0 0.6299479166666667 0.8694444444444445 0.04895833333333333 0.2212962962962963