0 0.5880208333333333 0.262037037037037 0.0546875 0.09259259259259259
0 0.61640625 0.3023148148148148 0.044270833333333336 0.07777777777777778
0 0.784375 0.060648148148148145 0.06145833333333333 0.08518518518518518
0 0.5447916666666667 0.3226851851851852 0.0546875 0.1111111111111111
0 0.5518229166666667 0.38425925925925924 0.03958333333333333 0.06759259259259259
0 0.7841145833333333 0.16203703703703703 0.05260416666666667 0.09537037037037037
0 0.5841145833333333 0.32546296296296295 0.04583333333333333 0.08796296296296297
0 0.625 0.35 0.04635416666666667 0.07962962962962963
0 0.5854166666666667 0.37824074074074077 0.03802083333333333 0.06574074074074074
0 0.7518229166666667 0.11203703703703703 0.0453125 0.09722222222222222
0 0.74609375 0.19398148148148148 0.043229166666666666 0.09444444444444444
0 0.7989583333333333 0.10046296296296296 0.059895833333333336 0.0824074074074074
0 0.6606770833333333 0.3175925925925926 0.046875 0.1037037037037037
0 0.61328125 0.4134259259259259 0.035416666666666666 0.07314814814814814
0 0.8236979166666667 0.1685185185185185 0.034375 0.06666666666666667
0 0.5169270833333334 0.37407407407407406 0.03333333333333333 0.07685185185185185
0 0.8729166666666667 0.12962962962962962 0.04739583333333333 0.09074074074074075
0 0.6669270833333333 0.36944444444444446 0.04010416666666667 0.07314814814814814
0 0.8955729166666667 0.09444444444444444 0.0546875 0.08611111111111111
0 0.94765625 0.013888888888888888 0.03802083333333333 0.027777777777777776
0 0.95390625 0.05185185185185185 0.036458333333333336 0.08333333333333333
0 0.7434895833333334 0.24074074074074073 0.03229166666666667 0.07592592592592592
0 0.46536458333333336 0.46064814814814814 0.0359375 0.06574074074074074
0 0.8463541666666666 0.17222222222222222 0.03333333333333333 0.06759259259259259
0 0.9346354166666667 0.12314814814814815 0.041666666666666664 0.07777777777777778
0 0.9106770833333333 0.15185185185185185 0.042708333333333334 0.0824074074074074
0 0.8364583333333333 0.2310185185185185 0.03958333333333333 0.07407407407407407
0 0.3736979166666667 0.48009259259259257 0.036458333333333336 0.07592592592592592
0 0.7776041666666667 0.2222222222222222 0.034895833333333334 0.06296296296296296
0 0.9192708333333334 0.05138888888888889 0.06770833333333333 0.10277777777777777
0 0.8302083333333333 0.36018518518518516 0.034895833333333334 0.058333333333333334
0 0.8153645833333333 0.20925925925925926 0.03177083333333333 0.06018518518518518
0 0.8072916666666666 0.24027777777777778 0.0375 0.06759259259259259
0 0.771875 0.26342592592592595 0.03333333333333333 0.07222222222222222
0 0.6026041666666667 0.46064814814814814 0.027083333333333334 0.04351851851851852
0 0.4830729166666667 0.40925925925925927 0.0484375 0.09351851851851851
0 0.5169270833333334 0.42685185185185187 0.03177083333333333 0.05277777777777778
0 0.8359375 0.13518518518518519 0.03229166666666667 0.040740740740740744
0 0.5020833333333333 0.462037037037037 0.03802083333333333 0.05555555555555555
0 0.9401041666666666 0.22083333333333333 0.035416666666666666 0.07037037037037037
0 0.6473958333333333 0.4722222222222222 0.0359375 0.09166666666666666
0 0.8234375 0.27037037037037037 0.03802083333333333 0.058333333333333334
0 0.65546875 0.41805555555555557 0.036458333333333336 0.06296296296296296
0 0.45 0.4981481481481482 0.03125 0.046296296296296294
0 0.9153645833333334 0.22546296296296298 0.03958333333333333 0.08703703703703704
0 0.7421875 0.2722222222222222 0.042708333333333334 0.07314814814814814
0 0.6265625 0.513425925925926 0.035416666666666666 0.06388888888888888
0 0.40078125 0.4810185185185185 0.034895833333333334 0.09259259259259259
0 0.9627604166666667 0.16898148148148148 0.036458333333333336 0.06944444444444445
0 0.9247395833333333 0.29074074074074074 0.04479166666666667 0.09074074074074075
0 0.965625 0.22870370370370371 0.040625 0.08148148148148149
0 0.8018229166666667 0.36944444444444446 0.0328125 0.07777777777777778
0 0.8921875 0.29907407407407405 0.05520833333333333 0.11574074074074074
0 0.7786458333333334 0.3662037037037037 0.0328125 0.07777777777777778
0 0.7979166666666667 0.2884259259259259 0.03802083333333333 0.058333333333333334
0 0.9651041666666667 0.08194444444444444 0.017708333333333333 0.06018518518518518
0 0.6770833333333334 0.4587962962962963 0.04114583333333333 0.08425925925925926
0 0.58828125 0.4449074074074074 0.027083333333333334 0.04351851851851852
0 0.5796875 0.41712962962962963 0.0375 0.046296296296296294
0 0.5473958333333333 0.4166666666666667 0.0421875 0.05185185185185185
0 0.5372395833333333 0.45416666666666666 0.03177083333333333 0.05277777777777778
0 0.5294270833333333 0.4837962962962963 0.027604166666666666 0.044444444444444446
0 0.440625 0.45740740740740743 0.03125 0.046296296296296294
0 0.4276041666666667 0.4689814814814815 0.03125 0.046296296296296294
0 0.4278645833333333 0.4981481481481482 0.03125 0.046296296296296294
0 0.4546875 0.5277777777777778 0.03125 0.046296296296296294
0 0.4328125 0.5277777777777778 0.03125 0.046296296296296294
0 0.4166666666666667 0.5407407407407407 0.03125 0.046296296296296294
0 0.39869791666666665 0.5305555555555556 0.025520833333333333 0.03425925925925926