0 0.4125 0.44907407407407407 0.03697916666666667 0.0625
0 0.5502604166666667 0.5736111111111111 0.047135416666666666 0.07268518518518519
0 0.4515625 0.4615740740740741 0.0453125 0.07407407407407407
0 0.65 0.6138888888888889 0.03828125 0.06296296296296296
0 0.49270833333333336 0.3768518518518518 0.03671875 0.05555555555555555
0 0.50234375 0.5675925925925925 0.036458333333333336 0.06342592592592593
0 0.5372395833333333 0.43425925925925923 0.03307291666666667 0.060648148148148145
0 0.4747395833333333 0.41712962962962963 0.032552083333333336 0.05925925925925926
0 0.47291666666666665 0.5550925925925926 0.035416666666666666 0.062037037037037036
0 0.57578125 0.6342592592592593 0.04791666666666667 0.06666666666666667
0 0.4669270833333333 0.5037037037037037 0.03307291666666667 0.059722222222222225
0 0.6015625 0.5722222222222222 0.049479166666666664 0.09953703703703703
0 0.5966145833333333 0.39814814814814814 0.03307291666666667 0.04351851851851852
0 0.5791666666666667 0.4583333333333333 0.03359375 0.04861111111111111
0 0.6494791666666667 0.48703703703703705 0.033854166666666664 0.058333333333333334
0 0.5875 0.4986111111111111 0.039322916666666666 0.06851851851851852
0 0.490625 0.5069444444444444 0.03307291666666667 0.07546296296296297
0 0.44166666666666665 0.4064814814814815 0.030989583333333334 0.052314814814814814
0 0.6294270833333333 0.4444444444444444 0.03567708333333333 0.0625
0 0.4635416666666667 0.3800925925925926 0.02578125 0.0412037037037037
0 0.5088541666666667 0.43333333333333335 0.0359375 0.07314814814814814
0 0.8692708333333333 0.5638888888888889 0.03958333333333333 0.05925925925925926
0 0.7515625 0.46805555555555556 0.0421875 0.07407407407407407
0 0.9096354166666667 0.5949074074074074 0.04453125 0.06712962962962964
0 0.8041666666666667 0.5111111111111111 0.04609375 0.06296296296296296
0 0.828125 0.5736111111111111 0.05234375 0.07685185185185185
0 0.55078125 0.4925925925925926 0.04453125 0.0824074074074074
0 0.9252604166666667 0.5236111111111111 0.040625 0.07453703703703704
0 0.6036458333333333 0.5342592592592592 0.03463541666666667 0.052314814814814814
0 0.6317708333333333 0.4134259259259259 0.030729166666666665 0.04027777777777778
0 0.4161458333333333 0.5115740740740741 0.04635416666666667 0.08055555555555556
0 0.84375 0.5138888888888888 0.0421875 0.06388888888888888
0 0.6338541666666667 0.562037037037037 0.0375 0.09351851851851851
0 0.5640625 0.3972222222222222 0.03359375 0.07268518518518519
0 0.6734375 0.5578703703703703 0.0390625 0.053703703703703705
0 0.8153645833333333 0.4828703703703704 0.03567708333333333 0.04861111111111111
0 0.8544270833333333 0.45416666666666666 0.047135416666666666 0.07361111111111111
0 0.7953125 0.4305555555555556 0.03619791666666667 0.06666666666666667
0 0.43854166666666666 0.5375 0.04401041666666667 0.08101851851851852
0 0.6625 0.5120370370370371 0.03671875 0.05324074074074074
0 0.5341145833333333 0.6217592592592592 0.0359375 0.09027777777777778
0 0.68359375 0.48842592592592593 0.040364583333333336 0.06527777777777778
0 0.8231770833333333 0.6518518518518519 0.04739583333333333 0.10138888888888889
0 0.7828125 0.48009259259259257 0.036458333333333336 0.05185185185185185
0 0.5322916666666667 0.36435185185185187 0.03333333333333333 0.07546296296296297
0 0.2713541666666667 0.3851851851851852 0.0375 0.06157407407407407
0 0.8354166666666667 0.4203703703703704 0.030989583333333334 0.06342592592592593
0 0.17421875 0.5564814814814815 0.03697916666666667 0.08148148148148149
0 0.20104166666666667 0.5453703703703704 0.03515625 0.07453703703703704
0 0.22942708333333334 0.3675925925925926 0.03333333333333333 0.03981481481481482
0 0.94296875 0.5736111111111111 0.044270833333333336 0.0787037037037037
0 0.38307291666666665 0.4842592592592593 0.0359375 0.07916666666666666
0 0.22447916666666667 0.562962962962963 0.036458333333333336 0.08055555555555556
0 0.17994791666666668 0.5074074074074074 0.03177083333333333 0.062037037037037036
0 0.2950520833333333 0.4222222222222222 0.031510416666666666 0.07592592592592592
0 0.19244791666666666 0.4689814814814815 0.03515625 0.06712962962962964
0 0.14765625 0.5027777777777778 0.041666666666666664 0.07407407407407407
0 0.7984375 0.5842592592592593 0.0453125 0.06111111111111111
0 0.07395833333333333 0.5527777777777778 0.0359375 0.05648148148148148
0 0.6127604166666667 0.48194444444444445 0.0328125 0.07777777777777778
0 0.21901041666666668 0.48657407407407405 0.03854166666666667 0.07175925925925926
0 0.8901041666666667 0.45046296296296295 0.03203125 0.050462962962962966
0 0.7559895833333333 0.43657407407407406 0.0265625 0.052314814814814814
0 0.10494791666666667 0.5347222222222222 0.03723958333333333 0.06157407407407407
0 0.6981770833333333 0.5166666666666667 0.053385416666666664 0.08518518518518518
0 0.9526041666666667 0.7708333333333334 0.06640625 0.08333333333333333
0 0.9825520833333333 0.7064814814814815 0.034895833333333334 0.07824074074074074
0 0.7817708333333333 0.6421296296296296 0.06328125 0.11481481481481481
0 0.6885416666666667 0.6157407407407407 0.0609375 0.1050925925925926
0 0.1796875 0.4023148148148148 0.030989583333333334 0.06851851851851852
0 0.8575520833333333 0.6305555555555555 0.05078125 0.11898148148148148
0 0.7143229166666667 0.4412037037037037 0.04739583333333333 0.10185185185185185
0 0.28463541666666664 0.5236111111111111 0.037760416666666664 0.09212962962962963
0 0.2682291666666667 0.4449074074074074 0.04609375 0.08148148148148149
0 0.05234375 0.6018518518518519 0.03619791666666667 0.05787037037037037
0 0.25416666666666665 0.5050925925925925 0.0359375 0.07361111111111111
0 0.07057291666666667 0.587037037037037 0.0390625 0.06759259259259259
0 0.315625 0.4398148148148148 0.04010416666666667 0.10277777777777777
0 0.14609375 0.5875 0.04765625 0.10601851851851851
0 0.9809895833333333 0.6337962962962963 0.03619791666666667 0.06851851851851852
0 0.12395833333333334 0.4425925925925926 0.0328125 0.07175925925925926
0 0.3078125 0.37222222222222223 0.03802083333333333 0.04722222222222222
0 0.3333333333333333 0.42083333333333334 0.031510416666666666 0.07592592592592592
0 0.25807291666666665 0.5791666666666667 0.03984375 0.1050925925925926
0 0.88828125 0.6675925925925926 0.07552083333333333 0.1175925925925926
0 0.23567708333333334 0.4976851851851852 0.03333333333333333 0.07407407407407407
0 0.23489583333333333 0.41388888888888886 0.033854166666666664 0.08888888888888889
0 0.9486979166666667 0.4912037037037037 0.036458333333333336 0.0787037037037037
0 0.4588541666666667 0.5847222222222223 0.04739583333333333 0.09583333333333334
0 0.9799479166666667 0.5078703703703704 0.037760416666666664 0.09305555555555556
0 0.75390625 0.524537037037037 0.05807291666666667 0.12175925925925926
0 0.11145833333333334 0.5726851851851852 0.0375 0.05925925925925926
0 0.20104166666666667 0.399537037037037 0.03203125 0.06944444444444445
0 0.11614583333333334 0.4898148148148148 0.020572916666666666 0.05277777777777778
0 0.34322916666666664 0.38425925925925924 0.0375 0.07037037037037037