0 0.4549479166666667 0.8458333333333333 0.171875 0.18518518518518517
0 0.5807291666666666 0.7606481481481482 0.13723958333333333 0.2222222222222222
0 0.39140625 0.6467592592592593 0.09895833333333333 0.1912037037037037
0 0.48828125 0.6180555555555556 0.08072916666666667 0.2023148148148148
0 0.55859375 0.4824074074074074 0.12057291666666667 0.1837962962962963
0 0.6723958333333333 0.6194444444444445 0.06510416666666667 0.21435185185185185
0 0.76484375 0.5810185185185185 0.09192708333333334 0.19583333333333333
0 0.5903645833333333 0.5842592592592593 0.10416666666666667 0.16203703703703703
0 0.46145833333333336 0.4736111111111111 0.09114583333333333 0.1050925925925926
0 0.378125 0.5138888888888888 0.08255208333333333 0.1111111111111111
0 0.5721354166666667 0.33796296296296297 0.09036458333333333 0.1449074074074074
0 0.65625 0.399537037037037 0.08333333333333333 0.14814814814814814
0 0.7036458333333333 0.4666666666666667 0.059895833333333336 0.10648148148148148
0 0.8731770833333333 0.5981481481481481 0.06588541666666667 0.17731481481481481
0 0.7817708333333333 0.4638888888888889 0.06848958333333334 0.10648148148148148
0 0.75078125 0.3574074074074074 0.08151041666666667 0.12175925925925926
0 0.4765625 0.37175925925925923 0.08151041666666667 0.10787037037037037
0 0.4171875 0.41898148148148145 0.09114583333333333 0.11898148148148148
0 0.4109375 0.33194444444444443 0.0703125 0.11435185185185186
0 0.4669270833333333 0.28564814814814815 0.07109375 0.07731481481481481
0 0.5177083333333333 0.28564814814814815 0.05807291666666667 0.07083333333333333
0 0.8341145833333333 0.40370370370370373 0.06588541666666667 0.10972222222222222
0 0.8098958333333334 0.41898148148148145 0.046875 0.08796296296296297