0 0.43125 0.8611111111111112 0.06276041666666667 0.1
0 0.5765625 0.8208333333333333 0.040625 0.10740740740740741
0 0.40859375 0.6833333333333333 0.043229166666666666 0.06898148148148148
0 0.46432291666666664 0.6532407407407408 0.033854166666666664 0.0824074074074074
0 0.4388020833333333 0.6990740740740741 0.03203125 0.07037037037037037
0 0.3888020833333333 0.8291666666666667 0.059375 0.11342592592592593
0 0.5341145833333333 0.8324074074074074 0.054947916666666666 0.09907407407407408
0 0.47213541666666664 0.774074074074074 0.04583333333333333 0.10555555555555556
0 0.62109375 0.7564814814814815 0.046614583333333334 0.09351851851851851
0 0.42604166666666665 0.6240740740740741 0.04348958333333333 0.08333333333333333
0 0.3765625 0.7337962962962963 0.050520833333333334 0.09027777777777778
0 0.4791666666666667 0.8601851851851852 0.03984375 0.1037037037037037
0 0.41432291666666665 0.749537037037037 0.047135416666666666 0.0875
0 0.61953125 0.8421296296296297 0.053385416666666664 0.11064814814814815
0 0.38619791666666664 0.6606481481481481 0.03333333333333333 0.06620370370370371
0 0.5528645833333333 0.7449074074074075 0.045572916666666664 0.10925925925925926
0 0.3536458333333333 0.8824074074074074 0.05625 0.09722222222222222
0 0.6010416666666667 0.6800925925925926 0.0515625 0.09212962962962963
0 0.51328125 0.7263888888888889 0.0453125 0.09768518518518518
0 0.4747395833333333 0.6981481481481482 0.042708333333333334 0.07824074074074074
0 0.6763020833333333 0.7550925925925925 0.040625 0.0763888888888889
0 0.65859375 0.8300925925925926 0.046875 0.10416666666666667
0 0.47760416666666666 0.5884259259259259 0.03958333333333333 0.05462962962962963
0 0.4466145833333333 0.7689814814814815 0.03671875 0.08148148148148149
0 0.54453125 0.6453703703703704 0.045572916666666664 0.10324074074074074
0 0.6455729166666667 0.6606481481481481 0.04479166666666667 0.11712962962962963
0 0.3614583333333333 0.6712962962962963 0.03671875 0.0712962962962963
0 0.9809895833333333 0.7643518518518518 0.037760416666666664 0.0875
0 0.84921875 0.5814814814814815 0.02890625 0.04861111111111111
0 0.8817708333333333 0.6754629629629629 0.03723958333333333 0.07083333333333333
0 0.9458333333333333 0.7217592592592592 0.052083333333333336 0.08194444444444444
0 0.45807291666666666 0.9412037037037037 0.050520833333333334 0.09212962962962963
0 0.75625 0.7212962962962963 0.046614583333333334 0.11574074074074074
0 0.9580729166666667 0.7986111111111112 0.059895833333333336 0.0837962962962963
0 0.9018229166666667 0.6962962962962963 0.04140625 0.08101851851851852
0 0.9825520833333333 0.6574074074074074 0.03307291666666667 0.075
0 0.86484375 0.7712962962962963 0.049479166666666664 0.09953703703703703
0 0.8549479166666667 0.6949074074074074 0.046875 0.06944444444444445
0 0.87265625 0.6046296296296296 0.03307291666666667 0.05648148148148148
0 0.728125 0.675 0.03463541666666667 0.10972222222222222
0 0.771875 0.649537037037037 0.04088541666666667 0.06851851851851852
0 0.7333333333333333 0.6152777777777778 0.034895833333333334 0.07037037037037037
0 0.8067708333333333 0.6592592592592592 0.040364583333333336 0.06481481481481481
0 0.7036458333333333 0.6611111111111111 0.028125 0.09814814814814815
0 0.8453125 0.6375 0.03854166666666667 0.06898148148148148
0 0.9419270833333333 0.663425925925926 0.06015625 0.0875
0 0.8018229166666667 0.737037037037037 0.04635416666666667 0.10231481481481482
0 0.7388020833333333 0.5851851851851851 0.034375 0.05324074074074074
0 0.8213541666666667 0.6148148148148148 0.03125 0.05277777777777778
0 0.7723958333333333 0.5773148148148148 0.03515625 0.05694444444444444
0 0.31666666666666665 0.8976851851851851 0.06197916666666667 0.08935185185185185
0 0.9513020833333333 0.587037037037037 0.0484375 0.08101851851851852
0 0.8348958333333333 0.7444444444444445 0.04401041666666667 0.08148148148148149
0 0.3333333333333333 0.837037037037037 0.04140625 0.08425925925925926
0 0.7640625 0.6078703703703704 0.03359375 0.053703703703703705