0 0.39505208333333336 0.6777777777777778 0.05416666666666667 0.09259259259259259
0 0.37864583333333335 0.6259259259259259 0.04375 0.07685185185185185
0 0.18880208333333334 0.7296296296296296 0.059375 0.08611111111111111
0 0.44375 0.6527777777777778 0.05520833333333333 0.10833333333333334
0 0.44947916666666665 0.5958333333333333 0.0390625 0.06666666666666667
0 0.20859375 0.6430555555555556 0.052083333333333336 0.09351851851851851
0 0.41067708333333336 0.6259259259259259 0.04583333333333333 0.08611111111111111
0 0.38046875 0.5800925925925926 0.04583333333333333 0.07962962962962963
0 0.4200520833333333 0.5805555555555556 0.0375 0.06481481481481481
0 0.2265625 0.7050925925925926 0.04583333333333333 0.09444444444444444
0 0.24713541666666666 0.6388888888888888 0.04375 0.09166666666666666
0 0.18411458333333333 0.6861111111111111 0.0578125 0.08425925925925926
0 0.34375 0.5856481481481481 0.04739583333333333 0.10092592592592593
0 0.40286458333333336 0.5333333333333333 0.0359375 0.0712962962962963
0 0.17578125 0.6129629629629629 0.034375 0.06574074074074074
0 0.00625 0.5532407407407407 0.0125 0.0712962962962963
0 0.47760416666666666 0.6259259259259259 0.033854166666666664 0.07407407407407407
0 0.12682291666666667 0.6166666666666667 0.046875 0.08888888888888889
0 0.3484375 0.537962962962963 0.03958333333333333 0.07222222222222222
0 0.10026041666666667 0.6324074074074074 0.05364583333333333 0.08611111111111111
0 0.0265625 0.6949074074074074 0.053125 0.10092592592592593
0 0.037760416666666664 0.6310185185185185 0.04635416666666667 0.08425925925925926
0 0.25859375 0.600462962962963 0.0328125 0.07314814814814814
0 0.53828125 0.5837962962962963 0.035416666666666666 0.06481481481481481
0 0.15729166666666666 0.5962962962962963 0.03333333333333333 0.06574074074074074
0 0.07239583333333334 0.5837962962962963 0.041666666666666664 0.07592592592592592
0 0.09869791666666666 0.5740740740740741 0.0421875 0.08055555555555556
0 0.17734375 0.5527777777777778 0.03958333333333333 0.07222222222222222
0 0.6197916666666666 0.6231481481481481 0.036458333333333336 0.07407407407407407
0 0.22578125 0.5953703703703703 0.034375 0.06111111111111111
0 0.07161458333333333 0.6550925925925926 0.065625 0.10462962962962963
0 0.20755208333333333 0.44583333333333336 0.034375 0.05740740740740741
0 0.19088541666666667 0.5833333333333334 0.03125 0.05925925925925926
0 0.20364583333333333 0.562037037037037 0.03697916666666667 0.06666666666666667
0 0.23854166666666668 0.5638888888888889 0.033854166666666664 0.07037037037037037
0 0.42109375 0.49953703703703706 0.0265625 0.04351851851851852
0 0.5130208333333334 0.6171296296296296 0.0484375 0.09166666666666666
0 0.0109375 0.4810185185185185 0.021875 0.06574074074074074
0 0.48776041666666664 0.5810185185185185 0.03125 0.05185185185185185
0 0.02109375 0.525 0.0421875 0.07592592592592592
0 0.15911458333333334 0.6342592592592593 0.03125 0.041666666666666664
0 0.50703125 0.5597222222222222 0.036458333333333336 0.05555555555555555
0 0.08697916666666666 0.49722222222222223 0.034895833333333334 0.06944444444444445
0 0.3854166666666667 0.4625 0.03697916666666667 0.08796296296296297
0 0.19583333333333333 0.5263888888888889 0.03697916666666667 0.058333333333333334
0 0.36770833333333336 0.5032407407407408 0.0359375 0.06296296296296296
0 0.55859375 0.5611111111111111 0.030208333333333334 0.046296296296296294
0 0.10885416666666667 0.5083333333333333 0.04010416666666667 0.08425925925925926
0 0.265625 0.5745370370370371 0.0421875 0.07314814814814814
0 0.016145833333333335 0.42916666666666664 0.03229166666666667 0.07314814814814814
0 0.4109375 0.44027777777777777 0.034895833333333334 0.06296296296296296
0 0.5973958333333333 0.6060185185185185 0.036458333333333336 0.08796296296296297
0 0.05677083333333333 0.5277777777777778 0.03802083333333333 0.06944444444444445
0 0.11354166666666667 0.4476851851851852 0.04479166666666667 0.08888888888888889
0 0.06614583333333333 0.47453703703703703 0.0421875 0.07962962962962963
0 0.23359375 0.45555555555555555 0.03333333333333333 0.075
0 0.14270833333333333 0.4601851851851852 0.05572916666666667 0.11296296296296296
0 0.2526041666666667 0.47175925925925927 0.03333333333333333 0.075
0 0.22135416666666666 0.5268518518518519 0.03697916666666667 0.058333333333333334
0 0.03125 0.5972222222222222 0.034375 0.06388888888888888
0 0.03671875 0.4527777777777778 0.036458333333333336 0.07314814814814814
0 0.3572916666666667 0.45555555555555555 0.04114583333333333 0.08148148148148149
0 0.43046875 0.5222222222222223 0.0265625 0.04351851851851852
0 0.4322916666666667 0.5509259259259259 0.035416666666666666 0.04722222222222222
0 0.4596354166666667 0.5708333333333333 0.04010416666666667 0.053703703703703705
0 0.47578125 0.5449074074074074 0.03125 0.05185185185185185
0 0.48802083333333335 0.524537037037037 0.027083333333333334 0.044444444444444446
0 0.55859375 0.6018518518518519 0.030208333333333334 0.046296296296296294
0 0.571875 0.5995370370370371 0.030208333333333334 0.046296296296296294
0 0.5776041666666667 0.575 0.030208333333333334 0.046296296296296294
0 0.5604166666666667 0.5328703703703703 0.030208333333333334 0.046296296296296294
0 0.57890625 0.5467592592592593 0.030208333333333334 0.046296296296296294
0 0.5953125 0.5453703703703704 0.030208333333333334 0.046296296296296294
0 0.6083333333333333 0.5652777777777778 0.025 0.03425925925925926