0 0.4119791666666667 0.5356481481481481 0.04739583333333333 0.11388888888888889
0 0.43333333333333335 0.4981481481481482 0.042708333333333334 0.09814814814814815
0 0.20807291666666666 0.3787037037037037 0.0296875 0.058333333333333334
0 0.29375 0.3939814814814815 0.03177083333333333 0.06759259259259259
0 0.325 0.45185185185185184 0.03697916666666667 0.08611111111111111
0 0.37135416666666665 0.4824074074074074 0.044270833333333336 0.09814814814814815
0 0.39869791666666665 0.45601851851851855 0.033854166666666664 0.06759259259259259
0 0.42604166666666665 0.39861111111111114 0.033854166666666664 0.06018518518518518
0 0.8041666666666667 0.4097222222222222 0.0265625 0.053703703703703705
0 0.38619791666666664 0.5819444444444445 0.0484375 0.09722222222222222
0 0.09557291666666666 0.44351851851851853 0.03333333333333333 0.053703703703703705
0 0.278125 0.5268518518518519 0.041666666666666664 0.07592592592592592
0 0.23645833333333333 0.37546296296296294 0.028645833333333332 0.053703703703703705
0 0.17552083333333332 0.4777777777777778 0.035416666666666666 0.06388888888888888
0 0.8942708333333333 0.5055555555555555 0.04010416666666667 0.08796296296296297
0 0.35208333333333336 0.5268518518518519 0.040625 0.08981481481481482
0 0.3104166666666667 0.4912037037037037 0.0375 0.062037037037037036
0 0.84296875 0.47129629629629627 0.03854166666666667 0.075
0 0.21796875 0.5615740740740741 0.04375 0.06851851851851852
0 0.48203125 0.425462962962963 0.040625 0.06111111111111111
0 0.24453125 0.4412037037037037 0.028125 0.08055555555555556
0 0.29192708333333334 0.4625 0.0359375 0.06666666666666667
0 0.3966145833333333 0.38564814814814813 0.03229166666666667 0.075
0 0.2609375 0.48935185185185187 0.0296875 0.05648148148148148
0 0.73671875 0.41435185185185186 0.0390625 0.07314814814814814
0 0.80390625 0.48333333333333334 0.0375 0.06944444444444445
0 0.31640625 0.5458333333333333 0.05 0.08611111111111111
0 0.12473958333333333 0.5236111111111111 0.034895833333333334 0.06018518518518518
0 0.9221354166666667 0.4708333333333333 0.034375 0.06574074074074074
0 0.8166666666666667 0.38564814814814813 0.0296875 0.062037037037037036
0 0.8653645833333333 0.5055555555555555 0.03333333333333333 0.08703703703703704
0 0.05911458333333333 0.49074074074074076 0.03802083333333333 0.06851851851851852
0 0.42734375 0.4388888888888889 0.033854166666666664 0.04814814814814815
0 0.3234375 0.39675925925925926 0.030729166666666665 0.05462962962962963
0 0.89609375 0.44027777777777777 0.0328125 0.062037037037037036
0 0.24114583333333334 0.5231481481481481 0.04114583333333333 0.08703703703703704
0 0.871875 0.34814814814814815 0.0375 0.06759259259259259
0 0.8278645833333333 0.4148148148148148 0.028645833333333332 0.05925925925925926
0 0.18255208333333334 0.4398148148148148 0.04010416666666667 0.07592592592592592
0 0.11614583333333334 0.4351851851851852 0.030208333333333334 0.04814814814814815
0 0.8291666666666667 0.5046296296296297 0.0296875 0.06296296296296296
0 0.2559895833333333 0.5842592592592593 0.058333333333333334 0.05555555555555555
0 0.7729166666666667 0.4671296296296296 0.043229166666666666 0.07777777777777778
0 0.47265625 0.4842592592592593 0.04739583333333333 0.11666666666666667
0 0.18776041666666668 0.5208333333333334 0.0296875 0.08425925925925926
0 0.571875 0.38055555555555554 0.034895833333333334 0.05740740740740741
0 0.6041666666666666 0.37824074074074077 0.03125 0.04814814814814815
0 0.6057291666666667 0.42314814814814816 0.036458333333333336 0.06296296296296296
0 0.17421875 0.3837962962962963 0.0296875 0.046296296296296294
0 0.6216145833333333 0.5449074074074074 0.03958333333333333 0.06759259259259259
0 0.14817708333333332 0.4476851851851852 0.033854166666666664 0.09074074074074075
0 0.671875 0.5310185185185186 0.03697916666666667 0.05185185185185185
0 0.08255208333333333 0.5398148148148149 0.04583333333333333 0.06666666666666667
0 0.8502604166666666 0.38935185185185184 0.04010416666666667 0.06851851851851852
0 0.13203125 0.586574074074074 0.044270833333333336 0.08611111111111111
0 0.6138020833333333 0.462037037037037 0.03958333333333333 0.06296296296296296
0 0.5388020833333333 0.42777777777777776 0.03229166666666667 0.05555555555555555
0 0.85078125 0.5523148148148148 0.0375 0.075
0 0.17421875 0.5712962962962963 0.042708333333333334 0.07407407407407407
0 0.0921875 0.4925925925925926 0.0375 0.06574074074074074
0 0.640625 0.513425925925926 0.0421875 0.06574074074074074
0 0.1625 0.5106481481481482 0.034895833333333334 0.05925925925925926
0 0.9515625 0.4351851851851852 0.0328125 0.053703703703703705
0 0.11015625 0.5037037037037037 0.03802083333333333 0.06851851851851852
0 0.03411458333333333 0.47685185185185186 0.03177083333333333 0.06111111111111111
0 0.29192708333333334 0.5782407407407407 0.044270833333333336 0.058333333333333334
0 0.09088541666666666 0.6226851851851852 0.06354166666666666 0.075
0 0.6036458333333333 0.5083333333333333 0.04010416666666667 0.06388888888888888
0 0.9643229166666667 0.5615740740740741 0.04479166666666667 0.0824074074074074
0 0.012760416666666666 0.5180555555555556 0.025520833333333333 0.05648148148148148
0 0.59453125 0.3277777777777778 0.04010416666666667 0.041666666666666664
0 0.21953125 0.46805555555555556 0.04375 0.08981481481481482
0 0.95859375 0.4930555555555556 0.04479166666666667 0.07592592592592592
0 0.0036458333333333334 0.4847222222222222 0.007291666666666667 0.05092592592592592
0 0.6546875 0.5717592592592593 0.0359375 0.062037037037037036
0 0.57265625 0.45925925925925926 0.03958333333333333 0.08888888888888889
0 0.12369791666666667 0.39814814814814814 0.029166666666666667 0.049074074074074076
0 0.5307291666666667 0.3726851851851852 0.034375 0.08148148148148149
0 0.7716145833333333 0.4046296296296296 0.042708333333333334 0.05648148148148148
0 0.7614583333333333 0.35185185185185186 0.0375 0.05648148148148148
0 0.15546875 0.5819444444444445 0.0328125 0.07777777777777778
0 0.6671875 0.36018518518518516 0.034375 0.05462962962962963
0 0.7890625 0.5333333333333333 0.043229166666666666 0.07592592592592592
0 0.5526041666666667 0.48703703703703705 0.04739583333333333 0.09351851851851851
0 0.9455729166666667 0.5375 0.028645833333333332 0.06666666666666667
0 0.7565104166666666 0.5319444444444444 0.03854166666666667 0.09074074074074075
0 0.90859375 0.4185185185185185 0.04739583333333333 0.06111111111111111
0 0.5151041666666667 0.46805555555555556 0.027083333333333334 0.09166666666666666
0 0.8401041666666667 0.3449074074074074 0.027604166666666666 0.058333333333333334
0 0.7046875 0.3976851851851852 0.03229166666666667 0.06666666666666667
0 0.8184895833333333 0.3458333333333333 0.030729166666666665 0.06111111111111111
0 0.7880208333333333 0.3537037037037037 0.025 0.06296296296296296
0 0.9708333333333333 0.36064814814814816 0.028645833333333332 0.07962962962962963
0 0.7026041666666667 0.5273148148148148 0.03333333333333333 0.05277777777777778
0 0.9869791666666666 0.39305555555555555 0.024479166666666666 0.05092592592592592
0 0.7270833333333333 0.37222222222222223 0.033854166666666664 0.06018518518518518
0 0.9861979166666667 0.43333333333333335 0.027604166666666666 0.08981481481481482
0 0.04505208333333333 0.538425925925926 0.04479166666666667 0.07592592592592592
0 0.6825520833333333 0.43472222222222223 0.04375 0.0787037037037037
0 0.7190104166666667 0.4703703703703704 0.046875 0.09166666666666666
0 0.63984375 0.4 0.04010416666666667 0.11203703703703703
0 0.2638020833333333 0.4074074074074074 0.033854166666666664 0.09351851851851851
0 0.7921875 0.3194444444444444 0.0296875 0.040740740740740744
0 0.71484375 0.32592592592592595 0.04375 0.04814814814814815
0 0.9825520833333333 0.5476851851851852 0.034895833333333334 0.0787037037037037
0 0.008072916666666667 0.45787037037037037 0.016145833333333335 0.06018518518518518
0 0.95546875 0.3435185185185185 0.028125 0.06944444444444445
0 0.5776041666666667 0.5717592592592593 0.04895833333333333 0.11296296296296296