0 0.7130208333333333 0.8166666666666667 0.09635416666666667 0.2212962962962963
0 0.71796875 0.42453703703703705 0.07864583333333333 0.11481481481481481
0 0.7010416666666667 0.5527777777777778 0.07708333333333334 0.1361111111111111
0 0.7216145833333333 0.27314814814814814 0.09270833333333334 0.16296296296296298
0 0.6169270833333333 0.40046296296296297 0.06927083333333334 0.13796296296296295
0 0.6481770833333333 0.5699074074074074 0.084375 0.16018518518518518
0 0.6502604166666667 0.8310185185185185 0.0609375 0.12407407407407407
0 0.5903645833333333 0.663425925925926 0.06875 0.12314814814814815
0 0.7109375 0.6777777777777778 0.075 0.13518518518518519
0 0.6393229166666666 0.6935185185185185 0.0703125 0.12777777777777777
0 0.6020833333333333 0.7712962962962963 0.05520833333333333 0.12962962962962962
0 0.5580729166666667 0.7638888888888888 0.0578125 0.10185185185185185
0 0.5432291666666667 0.674074074074074 0.04635416666666667 0.07407407407407407
0 0.5880208333333333 0.5152777777777777 0.065625 0.12962962962962962
0 0.55625 0.600462962962963 0.03697916666666667 0.05185185185185185
0 0.66484375 0.21898148148148147 0.07291666666666667 0.14722222222222223
0 0.6625 0.3439814814814815 0.071875 0.10925925925925926
0 0.7375 0.13148148148148148 0.08020833333333334 0.12222222222222222
0 0.71015625 0.075 0.06614583333333333 0.044444444444444446
0 0.62421875 0.11990740740740741 0.051041666666666666 0.0824074074074074
0 0.6057291666666667 0.24074074074074073 0.057291666666666664 0.12962962962962962