0 0.4864583333333333 0.8949074074074074 0.03723958333333333 0.06388888888888888
0 0.21145833333333333 0.850925925925926 0.026041666666666668 0.06574074074074074
0 0.2942708333333333 0.8351851851851851 0.0390625 0.06018518518518518
0 0.27682291666666664 0.8712962962962963 0.03567708333333333 0.060648148148148145
0 0.5059895833333333 0.7958333333333333 0.02734375 0.04537037037037037
0 0.334375 0.8208333333333333 0.0296875 0.056018518518518516
0 0.18359375 0.825925925925926 0.031510416666666666 0.04861111111111111
0 0.6356770833333333 0.7537037037037037 0.0296875 0.06666666666666667
0 0.6044270833333333 0.6925925925925925 0.026302083333333334 0.058333333333333334
0 0.3067708333333333 0.9263888888888889 0.03697916666666667 0.0837962962962963
0 0.5044270833333333 0.924537037037037 0.05130208333333333 0.06388888888888888
0 0.23098958333333333 0.8023148148148148 0.02578125 0.05740740740740741
0 0.35911458333333335 0.9236111111111112 0.04739583333333333 0.08842592592592592
0 0.5028645833333333 0.8430555555555556 0.03515625 0.06712962962962964
0 0.5333333333333333 0.7875 0.027604166666666666 0.05092592592592592
0 0.3065104166666667 0.8787037037037037 0.031510416666666666 0.04814814814814815
0 0.5854166666666667 0.7388888888888889 0.03671875 0.07731481481481481
0 0.609375 0.6537037037037037 0.022395833333333334 0.04814814814814815
0 0.35989583333333336 0.7296296296296296 0.03125 0.06759259259259259
0 0.6518229166666667 0.7754629629629629 0.0390625 0.056018518518518516
0 0.6005208333333333 0.5962962962962963 0.0296875 0.050462962962962966
0 0.23984375 0.8768518518518519 0.0359375 0.05925925925925926
0 0.65 0.6842592592592592 0.027604166666666666 0.056018518518518516
0 0.26510416666666664 0.9203703703703704 0.04609375 0.07962962962962963
0 0.584375 0.6180555555555556 0.02734375 0.06481481481481481
0 0.33515625 0.8916666666666667 0.030989583333333334 0.0587962962962963
0 0.18411458333333333 0.8898148148148148 0.05260416666666667 0.10092592592592593
0 0.6390625 0.6611111111111111 0.02109375 0.05740740740740741
0 0.37552083333333336 0.7787037037037037 0.026041666666666668 0.06574074074074074
0 0.5518229166666667 0.8578703703703704 0.02578125 0.04722222222222222
0 0.65625 0.7310185185185185 0.028385416666666666 0.05324074074074074
0 0.25833333333333336 0.8023148148148148 0.03515625 0.05555555555555555
0 0.5825520833333333 0.6592592592592592 0.0234375 0.04027777777777778
0 0.5341145833333333 0.8828703703703704 0.03619791666666667 0.06388888888888888
0 0.6216145833333333 0.7222222222222222 0.027864583333333335 0.07037037037037037
0 0.46901041666666665 0.812037037037037 0.024739583333333332 0.05740740740740741
0 0.6231770833333333 0.6703703703703704 0.021875 0.047685185185185185
0 0.6875 0.7467592592592592 0.03828125 0.08703703703703704
0 0.415625 0.8930555555555556 0.036458333333333336 0.07222222222222222
0 0.5770833333333333 0.6976851851851852 0.028645833333333332 0.05462962962962963
0 0.20703125 0.7898148148148149 0.0296875 0.05694444444444444
0 0.10963541666666667 0.8657407407407407 0.030208333333333334 0.05648148148148148
0 0.4546875 0.7578703703703704 0.028385416666666666 0.04722222222222222
0 0.6786458333333333 0.6828703703703703 0.02734375 0.055092592592592596
0 0.70078125 0.6666666666666666 0.02578125 0.04953703703703704
0 0.5333333333333333 0.8185185185185185 0.02890625 0.06481481481481481
0 0.44114583333333335 0.7023148148148148 0.030729166666666665 0.07546296296296297
0 0.43776041666666665 0.8587962962962963 0.03229166666666667 0.07546296296296297
0 0.13515625 0.8740740740740741 0.030989583333333334 0.0763888888888889
0 0.12734375 0.8009259259259259 0.03125 0.043055555555555555
0 0.22369791666666666 0.9305555555555556 0.05 0.0824074074074074
0 0.08932291666666667 0.8527777777777777 0.0265625 0.06712962962962964
0 0.12552083333333333 0.9495370370370371 0.03567708333333333 0.05787037037037037
0 0.77734375 0.638425925925926 0.022135416666666668 0.06018518518518518
0 0.07864583333333333 0.9287037037037037 0.03229166666666667 0.06388888888888888
0 0.28515625 0.9722222222222222 0.05026041666666667 0.05462962962962963
0 0.15885416666666666 0.8157407407407408 0.026041666666666668 0.04212962962962963
0 0.7020833333333333 0.712037037037037 0.025520833333333333 0.06805555555555555
0 0.10755208333333334 0.8180555555555555 0.029166666666666667 0.04722222222222222
0 0.384375 0.7217592592592592 0.035416666666666666 0.06944444444444445
0 0.3109375 0.7689814814814815 0.03229166666666667 0.060648148148148145
0 0.5088541666666667 0.762962962962963 0.032552083333333336 0.060648148148148145
0 0.73984375 0.624537037037037 0.024479166666666666 0.046296296296296294
0 0.09765625 0.9472222222222222 0.03619791666666667 0.06620370370370371
0 0.725 0.6828703703703703 0.03046875 0.059722222222222225
0 0.03229166666666667 0.9203703703703704 0.03723958333333333 0.06574074074074074
0 0.6856770833333333 0.6203703703703703 0.0265625 0.05462962962962963
0 0.18020833333333333 0.9782407407407407 0.051041666666666666 0.04259259259259259
0 0.465625 0.6981481481481482 0.033854166666666664 0.07222222222222222
0 0.05572916666666667 0.9671296296296297 0.03671875 0.062037037037037036
0 0.03515625 0.962037037037037 0.038802083333333334 0.0699074074074074