0 0.8682291666666667 0.35509259259259257 0.04479166666666667 0.07592592592592592
0 0.5065104166666666 0.26342592592592595 0.05260416666666667 0.10185185185185185
0 0.8723958333333334 0.4125 0.03229166666666667 0.05462962962962963
0 0.46458333333333335 0.28935185185185186 0.046875 0.08796296296296297
0 0.7151041666666667 0.33194444444444443 0.0359375 0.10462962962962963
0 0.4166666666666667 0.11944444444444445 0.071875 0.11296296296296296
0 0.6192708333333333 0.2212962962962963 0.051041666666666666 0.1037037037037037
0 0.36432291666666666 0.2537037037037037 0.053125 0.09537037037037037
0 0.6140625 0.1388888888888889 0.05677083333333333 0.12222222222222222
0 0.46171875 0.21157407407407408 0.053125 0.11203703703703703
0 0.87421875 0.29259259259259257 0.05677083333333333 0.0824074074074074
0 0.5682291666666667 0.16203703703703703 0.04739583333333333 0.11574074074074074
0 0.76796875 0.2601851851851852 0.05520833333333333 0.13796296296296295
0 0.81640625 0.2439814814814815 0.0546875 0.12314814814814815
0 0.4296875 0.287962962962963 0.0390625 0.08055555555555556
0 0.7890625 0.4115740740740741 0.040625 0.06296296296296296
0 0.3723958333333333 0.1574074074074074 0.06875 0.12222222222222222
0 0.60078125 0.30648148148148147 0.0578125 0.09814814814814815
0 0.4591145833333333 0.3435185185185185 0.040625 0.09444444444444444
0 0.4231770833333333 0.3648148148148148 0.05364583333333333 0.09722222222222222
0 0.6489583333333333 0.32916666666666666 0.05416666666666667 0.13425925925925927
0 0.9276041666666667 0.2912037037037037 0.044270833333333336 0.09351851851851851
0 0.35260416666666666 0.3162037037037037 0.044270833333333336 0.08148148148148149
0 0.378125 0.3282407407407407 0.040625 0.075
0 0.7473958333333334 0.37453703703703706 0.03958333333333333 0.06944444444444445
0 0.8244791666666667 0.3300925925925926 0.04739583333333333 0.07685185185185185
0 0.3966145833333333 0.30185185185185187 0.05416666666666667 0.08796296296296297
0 0.54140625 0.3449074074074074 0.05260416666666667 0.11481481481481481
0 0.7919270833333333 0.31851851851851853 0.043229166666666666 0.09351851851851851
0 0.96875 0.25833333333333336 0.049479166666666664 0.10277777777777777
0 0.7565104166666666 0.40324074074074073 0.040625 0.07314814814814814
0 0.5830729166666667 0.23981481481481481 0.046875 0.10092592592592593
0 0.3333333333333333 0.10185185185185185 0.06875 0.11851851851851852
0 0.5484375 0.23796296296296296 0.04791666666666667 0.11296296296296296
0 0.73984375 0.3194444444444444 0.04114583333333333 0.10925925925925926
0 0.6588541666666666 0.15694444444444444 0.050520833333333334 0.10740740740740741
0 0.47291666666666665 0.11018518518518519 0.058854166666666666 0.12962962962962962
0 0.31197916666666664 0.14953703703703702 0.04010416666666667 0.09166666666666666
0 0.9046875 0.31342592592592594 0.0421875 0.08518518518518518
0 0.5236979166666667 0.12916666666666668 0.07083333333333333 0.14907407407407408
0 0.4044270833333333 0.2361111111111111 0.05364583333333333 0.1
0 0.43645833333333334 0.20694444444444443 0.05 0.10185185185185185
0 0.2950520833333333 0.08518518518518518 0.06354166666666666 0.0962962962962963
0 0.9721354166666667 0.17592592592592593 0.0359375 0.08888888888888889
0 0.47291666666666665 0.40555555555555556 0.05 0.062037037037037036
0 0.9692708333333333 0.32546296296296295 0.053125 0.10185185185185185
0 0.846875 0.4212962962962963 0.033854166666666664 0.05648148148148148
0 0.50703125 0.2101851851851852 0.03802083333333333 0.08518518518518518
0 0.61171875 0.3787037037037037 0.04635416666666667 0.0712962962962963
0 0.5578125 0.4027777777777778 0.052083333333333336 0.07222222222222222
0 0.8041666666666667 0.45416666666666666 0.03854166666666667 0.058333333333333334
0 0.6901041666666666 0.21388888888888888 0.053125 0.12222222222222222
0 0.43697916666666664 0.060648148148148145 0.08697916666666666 0.11666666666666667
0 0.97578125 0.41203703703703703 0.04739583333333333 0.10462962962962963