0 0.26901041666666664 0.850925925925926 0.12838541666666667 0.2050925925925926
0 0.4513020833333333 0.6736111111111112 0.07109375 0.14351851851851852
0 0.46822916666666664 0.9421296296296297 0.1171875 0.11574074074074074
0 0.5669270833333333 0.8203703703703704 0.03463541666666667 0.2175925925925926
0 0.66796875 0.8125 0.09296875 0.2050925925925926
0 0.38359375 0.8157407407407408 0.06432291666666666 0.2050925925925926
0 0.47734375 0.8 0.08854166666666667 0.16805555555555557
0 0.5580729166666667 0.6041666666666666 0.07473958333333333 0.1375
0 0.66484375 0.5462962962962963 0.08151041666666667 0.13564814814814816
0 0.3888020833333333 0.5541666666666667 0.0625 0.12638888888888888
0 0.3072916666666667 0.6111111111111112 0.09036458333333333 0.15138888888888888
0 0.2734375 0.7175925925925926 0.09192708333333334 0.12361111111111112
0 0.3625 0.663425925925926 0.07734375 0.10787037037037037
0 0.5958333333333333 0.5185185185185185 0.07213541666666666 0.12962962962962962
0 0.48489583333333336 0.5569444444444445 0.07734375 0.17916666666666667
0 0.7669270833333334 0.8078703703703703 0.06848958333333334 0.1587962962962963
0 0.82890625 0.7791666666666667 0.05546875 0.17916666666666667
0 0.7065104166666667 0.6768518518518518 0.09895833333333333 0.1527777777777778
0 0.6067708333333334 0.6953703703703704 0.09375 0.125
0 0.3815104166666667 0.48055555555555557 0.07890625 0.11898148148148148
0 0.31640625 0.5125 0.08411458333333334 0.09861111111111111