0 0.4276041666666667 0.9513888888888888 0.036458333333333336 0.06111111111111111
0 0.44036458333333334 0.8662037037037037 0.03177083333333333 0.06851851851851852
0 0.45026041666666666 0.9800925925925926 0.0359375 0.03981481481481482
0 0.41354166666666664 0.8925925925925926 0.03333333333333333 0.0962962962962963
0 0.30390625 0.9569444444444445 0.04114583333333333 0.07777777777777778
0 0.38385416666666666 0.9069444444444444 0.028125 0.10092592592592593
0 0.42890625 0.8143518518518519 0.03854166666666667 0.05
0 0.39401041666666664 0.8143518518518519 0.0296875 0.04351851851851852
0 0.5723958333333333 0.8671296296296296 0.028645833333333332 0.053703703703703705
0 0.7005208333333334 0.8689814814814815 0.03177083333333333 0.06111111111111111
0 0.65078125 0.8361111111111111 0.027604166666666666 0.07222222222222222
0 0.6505208333333333 0.9027777777777778 0.03177083333333333 0.0787037037037037
0 0.5486979166666667 0.9143518518518519 0.0375 0.0962962962962963
0 0.6786458333333333 0.9041666666666667 0.03697916666666667 0.06851851851851852
0 0.36380208333333336 0.8402777777777778 0.03229166666666667 0.058333333333333334
0 0.41953125 0.9856481481481482 0.04010416666666667 0.028703703703703703
0 0.59453125 0.8671296296296296 0.0265625 0.06296296296296296
0 0.21588541666666666 0.9518518518518518 0.026041666666666668 0.062037037037037036
0 0.72421875 0.8495370370370371 0.0296875 0.0712962962962963
0 0.2677083333333333 0.9643518518518519 0.03697916666666667 0.05185185185185185
0 0.56171875 0.8282407407407407 0.0265625 0.07222222222222222
0 0.7 0.9138888888888889 0.034375 0.05277777777777778
0 0.1875 0.8777777777777778 0.03229166666666667 0.062037037037037036
0 0.2328125 0.9763888888888889 0.023958333333333335 0.04722222222222222
0 0.27838541666666666 0.9824074074074074 0.04635416666666667 0.03518518518518519
0 0.771875 0.850462962962963 0.03333333333333333 0.06481481481481481
0 0.2890625 0.8925925925925926 0.034375 0.05555555555555555
0 0.48046875 0.8976851851851851 0.03229166666666667 0.06018518518518518
0 0.48515625 0.9486111111111111 0.03958333333333333 0.08981481481481482
0 0.16822916666666668 0.9185185185185185 0.025520833333333333 0.044444444444444446
0 0.27447916666666666 0.8643518518518518 0.03177083333333333 0.06111111111111111
0 0.31744791666666666 0.9171296296296296 0.029166666666666667 0.06018518518518518
0 0.7283854166666667 0.9032407407407408 0.0390625 0.05462962962962963
0 0.24973958333333332 0.9375 0.0375 0.06388888888888888
0 0.16145833333333334 0.8796296296296297 0.0265625 0.06388888888888888
0 0.4674479166666667 0.8393518518518519 0.029166666666666667 0.06944444444444445
0 0.7682291666666666 0.7416666666666667 0.028125 0.07037037037037037
0 0.20520833333333333 0.9930555555555556 0.03958333333333333 0.013888888888888888
0 0.5830729166666667 0.8106481481481481 0.026041666666666668 0.0787037037037037
0 0.8309895833333333 0.7796296296296297 0.03333333333333333 0.05740740740740741
0 0.31354166666666666 0.8726851851851852 0.027083333333333334 0.05555555555555555
0 0.33515625 0.8569444444444444 0.029166666666666667 0.05925925925925926
0 0.7197916666666667 0.788425925925926 0.0359375 0.06481481481481481
0 0.196875 0.9162037037037037 0.028125 0.05092592592592592
0 0.6317708333333333 0.9537037037037037 0.041666666666666664 0.07314814814814814
0 0.8 0.7893518518518519 0.030729166666666665 0.04814814814814815
0 0.29635416666666664 0.8407407407407408 0.028125 0.06296296296296296
0 0.15104166666666666 0.9393518518518519 0.025 0.06388888888888888
0 0.16354166666666667 0.9833333333333333 0.03125 0.03333333333333333
0 0.28567708333333336 0.9296296296296296 0.034375 0.053703703703703705
0 0.6239583333333333 0.8768518518518519 0.027604166666666666 0.09814814814814815
0 0.8078125 0.8398148148148148 0.03333333333333333 0.075
0 0.7518229166666667 0.7773148148148148 0.030208333333333334 0.053703703703703705
0 0.35989583333333336 0.9384259259259259 0.04010416666666667 0.0962962962962963
0 0.7395833333333334 0.7560185185185185 0.0359375 0.07314814814814814
0 0.6942708333333333 0.7726851851851851 0.025520833333333333 0.07407407407407407
0 0.8059895833333334 0.7578703703703704 0.03229166666666667 0.05092592592592592
0 0.5083333333333333 0.9222222222222223 0.03177083333333333 0.09166666666666666
0 0.6075520833333333 0.9398148148148148 0.03802083333333333 0.10462962962962963
0 0.08541666666666667 0.9898148148148148 0.026041666666666668 0.020370370370370372
0 0.19270833333333334 0.9546296296296296 0.028125 0.06296296296296296
0 0.2453125 0.9958333333333333 0.03854166666666667 0.008333333333333333
0 0.7458333333333333 0.8652777777777778 0.03125 0.062037037037037036
0 0.38645833333333335 0.9861111111111112 0.035416666666666666 0.027777777777777776
0 0.21458333333333332 0.986574074074074 0.022916666666666665 0.026851851851851852
0 0.1359375 0.9875 0.036458333333333336 0.025
0 0.18203125 0.9819444444444444 0.027604166666666666 0.03611111111111111
0 0.09479166666666666 0.9546296296296296 0.024479166666666666 0.044444444444444446
0 0.83671875 0.8416666666666667 0.04583333333333333 0.08611111111111111
0 0.24296875 0.8912037037037037 0.035416666666666666 0.06388888888888888
0 0.20182291666666666 0.8532407407407407 0.027083333333333334 0.05277777777777778
0 0.3182291666666667 0.825 0.027083333333333334 0.05185185185185185
0 0.75703125 0.8152777777777778 0.0265625 0.06574074074074074
0 0.32395833333333335 0.9782407407407407 0.03229166666666667 0.04351851851851852
0 0.3307291666666667 0.912962962962963 0.03125 0.0824074074074074
0 0.34088541666666666 0.8236111111111111 0.030729166666666665 0.04814814814814815
0 0.05 0.9787037037037037 0.035416666666666666 0.04259259259259259
0 0.11666666666666667 0.8930555555555556 0.040625 0.08148148148148149
0 0.5828125 0.9333333333333333 0.03854166666666667 0.12222222222222222
0 0.059895833333333336 0.9217592592592593 0.027083333333333334 0.07037037037037037