0 0.5002604166666667 0.8398148148148148 0.04010416666666667 0.0787037037037037
0 0.5684895833333333 0.8699074074074075 0.0390625 0.08703703703703704
0 0.4713541666666667 0.8074074074074075 0.034375 0.07407407407407407
0 0.5145833333333333 0.8962962962962963 0.043229166666666666 0.07407407407407407
0 0.6111979166666667 0.9467592592592593 0.053125 0.09537037037037037
0 0.42239583333333336 0.7074074074074074 0.04114583333333333 0.08333333333333333
0 0.7408854166666666 0.9629629629629629 0.05260416666666667 0.07407407407407407
0 0.46953125 0.8800925925925925 0.04895833333333333 0.08611111111111111
0 0.3692708333333333 0.7171296296296297 0.034375 0.07685185185185185
0 0.5893229166666667 0.9092592592592592 0.041666666666666664 0.07777777777777778
0 0.7184895833333333 0.8726851851851852 0.042708333333333334 0.07037037037037037
0 0.7341145833333333 0.9166666666666666 0.04010416666666667 0.06759259259259259
0 0.7888020833333333 0.9777777777777777 0.0546875 0.044444444444444446
0 0.3497395833333333 0.7375 0.040625 0.062037037037037036
0 0.34739583333333335 0.6875 0.03333333333333333 0.06111111111111111
0 0.384375 0.6847222222222222 0.0328125 0.07685185185185185
0 0.6375 0.799537037037037 0.033854166666666664 0.0787037037037037
0 0.6059895833333333 0.8652777777777778 0.033854166666666664 0.06944444444444445
0 0.47369791666666666 0.774537037037037 0.03177083333333333 0.058333333333333334
0 0.6697916666666667 0.9319444444444445 0.03958333333333333 0.07592592592592592
0 0.5606770833333333 0.799537037037037 0.030729166666666665 0.058333333333333334
0 0.8296875 0.9472222222222222 0.06145833333333333 0.10555555555555556
0 0.4328125 0.6694444444444444 0.033854166666666664 0.06296296296296296
0 0.7723958333333333 0.9388888888888889 0.042708333333333334 0.07962962962962963
0 0.5403645833333334 0.8402777777777778 0.030208333333333334 0.06018518518518518
0 0.75859375 0.8523148148148149 0.04010416666666667 0.06574074074074074
0 0.8127604166666667 0.8546296296296296 0.034375 0.06574074074074074
0 0.9072916666666667 0.9541666666666667 0.035416666666666666 0.06944444444444445
0 0.35833333333333334 0.6435185185185185 0.033854166666666664 0.07222222222222222
0 0.6838541666666667 0.8560185185185185 0.03697916666666667 0.06666666666666667
0 0.31536458333333334 0.7023148148148148 0.04375 0.08981481481481482
0 0.6575520833333334 0.8412037037037037 0.033854166666666664 0.06388888888888888
0 0.49322916666666666 0.9226851851851852 0.058854166666666666 0.0787037037037037
0 0.5005208333333333 0.7509259259259259 0.033854166666666664 0.06481481481481481
0 0.3885416666666667 0.6333333333333333 0.027604166666666666 0.058333333333333334
0 0.7864583333333334 0.8578703703703704 0.030208333333333334 0.06666666666666667
0 0.69765625 0.9601851851851851 0.044270833333333336 0.07962962962962963
0 0.5010416666666667 0.7949074074074074 0.03177083333333333 0.05555555555555555
0 0.40703125 0.6587962962962963 0.030208333333333334 0.06388888888888888
0 0.8036458333333333 0.913425925925926 0.033854166666666664 0.07777777777777778
0 0.8809895833333333 0.9550925925925926 0.03854166666666667 0.08796296296296297
0 0.6591145833333333 0.7486111111111111 0.03802083333333333 0.07314814814814814
0 0.6161458333333333 0.7935185185185185 0.03333333333333333 0.06851851851851852
0 0.44895833333333335 0.8467592592592592 0.03229166666666667 0.06018518518518518
0 0.5734375 0.700925925925926 0.040625 0.09259259259259259
0 0.8341145833333333 0.8921296296296296 0.0328125 0.05462962962962963
0 0.5580729166666667 0.7597222222222222 0.036458333333333336 0.05740740740740741
0 0.4546875 0.6083333333333333 0.04479166666666667 0.08518518518518518
0 0.76875 0.8050925925925926 0.034375 0.07037037037037037
0 0.6510416666666666 0.9875 0.052083333333333336 0.025
0 0.40338541666666666 0.6189814814814815 0.027083333333333334 0.058333333333333334
0 0.3296875 0.6342592592592593 0.0328125 0.06574074074074074
0 0.37005208333333334 0.6162037037037037 0.025520833333333333 0.06111111111111111
0 0.70390625 0.8037037037037037 0.0421875 0.07962962962962963
0 0.38776041666666666 0.5995370370370371 0.024479166666666666 0.05277777777777778
0 0.6302083333333334 0.7393518518518518 0.03802083333333333 0.07962962962962963
0 0.4317708333333333 0.5861111111111111 0.028125 0.06481481481481481
0 0.7028645833333333 0.9189814814814815 0.034895833333333334 0.05462962962962963
0 0.3065104166666667 0.6106481481481482 0.0296875 0.05925925925925926
0 0.8598958333333333 0.8916666666666667 0.029166666666666667 0.053703703703703705
0 0.3033854166666667 0.6583333333333333 0.03125 0.07407407407407407
0 0.9096354166666667 0.9041666666666667 0.034375 0.05648148148148148
0 0.3859375 0.5504629629629629 0.03125 0.05
0 0.4161458333333333 0.5541666666666667 0.030729166666666665 0.05740740740740741
0 0.8924479166666667 0.8777777777777778 0.034895833333333334 0.05092592592592592
0 0.28046875 0.6199074074074075 0.034895833333333334 0.06759259259259259
0 0.20572916666666666 0.5592592592592592 0.03854166666666667 0.07314814814814814
0 0.93046875 0.9425925925925925 0.034375 0.0787037037037037
0 0.8088541666666667 0.8175925925925925 0.03125 0.05462962962962963
0 0.3229166666666667 0.5615740740740741 0.035416666666666666 0.06111111111111111
0 0.3651041666666667 0.5680555555555555 0.06302083333333333 0.09537037037037037
0 0.5236979166666667 0.6842592592592592 0.049479166666666664 0.11296296296296296
0 0.2677083333333333 0.6486111111111111 0.0609375 0.15833333333333333