0 0.47161458333333334 0.4935185185185185 0.04505208333333333 0.0875
0 0.7481770833333333 0.5097222222222222 0.028645833333333332 0.06435185185185185
0 0.2872395833333333 0.5259259259259259 0.035416666666666666 0.04814814814814815
0 0.02421875 0.5467592592592593 0.034375 0.07268518518518519
0 0.30963541666666666 0.4773148148148148 0.036458333333333336 0.053703703703703705
0 0.48333333333333334 0.4486111111111111 0.039322916666666666 0.06111111111111111
0 0.86328125 0.4546296296296296 0.029166666666666667 0.056018518518518516
0 0.7177083333333333 0.5199074074074074 0.03723958333333333 0.0699074074074074
0 0.88828125 0.46296296296296297 0.029166666666666667 0.05416666666666667
0 0.5140625 0.5115740740740741 0.042708333333333334 0.08657407407407407
0 0.27890625 0.47129629629629627 0.03567708333333333 0.06898148148148148
0 0.8348958333333333 0.4703703703703704 0.034895833333333334 0.07407407407407407
0 0.8169270833333333 0.4425925925925926 0.030729166666666665 0.075
0 0.6127604166666667 0.5365740740740741 0.039322916666666666 0.09212962962962963
0 0.5434895833333333 0.4236111111111111 0.027864583333333335 0.05925925925925926
0 0.7940104166666667 0.46944444444444444 0.038802083333333334 0.08194444444444444
0 0.3111979166666667 0.43796296296296294 0.028125 0.050462962962962966
0 0.35442708333333334 0.5597222222222222 0.0375 0.05555555555555555
0 0.6645833333333333 0.5032407407407408 0.03411458333333333 0.08333333333333333
0 0.253125 0.4527777777777778 0.029427083333333333 0.060648148148148145
0 0.29244791666666664 0.5740740740740741 0.040625 0.06712962962962964
0 0.8466145833333333 0.5055555555555555 0.03802083333333333 0.06944444444444445
0 0.6244791666666667 0.4615740740740741 0.03046875 0.06944444444444445
0 0.8354166666666667 0.42083333333333334 0.021354166666666667 0.044444444444444446
0 0.045572916666666664 0.48564814814814816 0.034375 0.06435185185185185
0 0.48541666666666666 0.5578703703703703 0.046614583333333334 0.07361111111111111
0 0.4434895833333333 0.5449074074074074 0.03229166666666667 0.06018518518518518
0 0.5927083333333333 0.39537037037037037 0.028645833333333332 0.06805555555555555
0 0.4440104166666667 0.4462962962962963 0.0359375 0.07175925925925926
0 0.7924479166666667 0.38935185185185184 0.024739583333333332 0.0375
0 0.26119791666666664 0.5101851851851852 0.03046875 0.0712962962962963
0 0.6372395833333333 0.5203703703703704 0.033854166666666664 0.08101851851851852
0 0.22682291666666668 0.4875 0.03697916666666667 0.07962962962962963
0 0.21015625 0.43287037037037035 0.028645833333333332 0.05092592592592592
0 0.7270833333333333 0.44537037037037036 0.03619791666666667 0.05925925925925926
0 0.16901041666666666 0.41759259259259257 0.0296875 0.06712962962962964
0 0.8760416666666667 0.40324074074074073 0.03307291666666667 0.05462962962962963
0 0.05234375 0.5203703703703704 0.038802083333333334 0.07361111111111111
0 0.71328125 0.5972222222222222 0.0515625 0.08055555555555556
0 0.14453125 0.399537037037037 0.027083333333333334 0.06157407407407407
0 0.41901041666666666 0.4925925925925926 0.044270833333333336 0.08425925925925926
0 0.55234375 0.4898148148148148 0.036458333333333336 0.07407407407407407
0 0.7880208333333333 0.42083333333333334 0.03125 0.05462962962962963
0 0.43333333333333335 0.3648148148148148 0.025260416666666667 0.05462962962962963
0 0.8184895833333333 0.39490740740740743 0.024739583333333332 0.03657407407407407
0 0.6973958333333333 0.5578703703703703 0.033854166666666664 0.06342592592592593
0 0.7471354166666667 0.5694444444444444 0.03411458333333333 0.06435185185185185
0 0.5127604166666667 0.4736111111111111 0.034895833333333334 0.06296296296296296
0 0.3223958333333333 0.6046296296296296 0.031510416666666666 0.05555555555555555
0 0.8583333333333333 0.3800925925925926 0.030729166666666665 0.053703703703703705
0 0.4119791666666667 0.40185185185185185 0.02578125 0.055092592592592596
0 0.8973958333333333 0.41574074074074074 0.029947916666666668 0.05324074074074074
0 0.2942708333333333 0.3962962962962963 0.03203125 0.05787037037037037
0 0.2598958333333333 0.5685185185185185 0.028385416666666666 0.059722222222222225
0 0.50234375 0.41712962962962963 0.0390625 0.06342592592592593
0 0.32135416666666666 0.5416666666666666 0.04192708333333333 0.06944444444444445
0 0.13151041666666666 0.47175925925925927 0.02578125 0.053703703703703705
0 0.32421875 0.412962962962963 0.03359375 0.08333333333333333
0 0.48020833333333335 0.3472222222222222 0.0328125 0.056018518518518516
0 0.07421875 0.5467592592592593 0.0390625 0.08055555555555556
0 0.45338541666666665 0.3333333333333333 0.02734375 0.05462962962962963
0 0.7666666666666667 0.3337962962962963 0.029427083333333333 0.06527777777777778
0 0.8515625 0.41574074074074074 0.018489583333333334 0.037037037037037035
0 0.10494791666666667 0.5930555555555556 0.05364583333333333 0.0787037037037037
0 0.1796875 0.5023148148148148 0.03697916666666667 0.1050925925925926
0 0.15 0.5175925925925926 0.03854166666666667 0.1
0 0.5190104166666667 0.36527777777777776 0.042708333333333334 0.06898148148148148
0 0.07317708333333334 0.47824074074074074 0.03359375 0.07731481481481481
0 0.81796875 0.3375 0.021875 0.05462962962962963
0 0.8359375 0.3925925925925926 0.020052083333333335 0.03981481481481482
0 0.10182291666666667 0.5032407407407408 0.03515625 0.09351851851851851
0 0.46015625 0.3800925925925926 0.0359375 0.055092592592592596
0 0.01796875 0.4203703703703704 0.024739583333333332 0.04953703703703704
0 0.3653645833333333 0.5337962962962963 0.039322916666666666 0.06435185185185185
0 0.9325520833333333 0.49583333333333335 0.03802083333333333 0.07824074074074074
0 0.5802083333333333 0.5319444444444444 0.03828125 0.10185185185185185
0 0.8604166666666667 0.5444444444444444 0.03958333333333333 0.06620370370370371
0 0.048177083333333336 0.5601851851851852 0.04192708333333333 0.07453703703703704
0 0.896875 0.5212962962962963 0.04140625 0.07685185185185185
0 0.91640625 0.37777777777777777 0.032552083333333336 0.059722222222222225
0 0.26927083333333335 0.38287037037037036 0.028385416666666666 0.06666666666666667
0 0.12838541666666667 0.5560185185185185 0.04869791666666667 0.10694444444444444
0 0.40911458333333334 0.3592592592592593 0.028125 0.05185185185185185
0 0.6518229166666667 0.3560185185185185 0.0390625 0.08055555555555556
0 0.028125 0.5944444444444444 0.03958333333333333 0.058333333333333334
0 0.9604166666666667 0.4925925925925926 0.03463541666666667 0.07962962962962963
0 0.55859375 0.5842592592592593 0.03619791666666667 0.0875
0 0.01484375 0.4699074074074074 0.029427083333333333 0.09027777777777778
0 0.57265625 0.34629629629629627 0.0328125 0.05925925925925926
0 0.35572916666666665 0.6157407407407407 0.0359375 0.08194444444444444
0 0.8369791666666667 0.3592592592592593 0.024739583333333332 0.04212962962962963
0 0.38177083333333334 0.44814814814814813 0.045572916666666664 0.09212962962962963
0 0.9833333333333333 0.4115740740740741 0.028125 0.05740740740740741
0 0.7065104166666667 0.3662037037037037 0.03177083333333333 0.08055555555555556
0 0.31223958333333335 0.34305555555555556 0.032552083333333336 0.03564814814814815
0 0.9799479166666667 0.4837962962962963 0.03828125 0.1